300
559 588 559 588
430 145 430 145
712 348 559 588
712 348 712 348
779 302 712 348
779 302 779 302
141 500 141 500
109 63 109 63
771 269 712 348
771 269 779 302
771 269 771 269
441 453 559 588
441 453 712 348
441 453 441 453
281 159 430 145
281 159 109 63
281 159 281 159
691 114 430 145
691 114 712 348
691 114 779 302
691 114 771 269
691 114 691 114
429 329 559 588
429 329 430 145
429 329 712 348
429 329 441 453
429 329 281 159
429 329 429 329
220 286 430 145
220 286 141 500
220 286 109 63
220 286 441 453
220 286 281 159
220 286 429 329
220 286 220 286
260 472 141 500
260 472 441 453
260 472 429 329
260 472 220 286
260 472 260 472
767 538 559 588
767 538 712 348
767 538 779 302
767 538 771 269
767 538 767 538
664 300 430 145
664 300 712 348
664 300 779 302
664 300 771 269
664 300 441 453
664 300 691 114
664 300 429 329
664 300 767 538
664 300 664 300
165 485 141 500
165 485 441 453
165 485 220 286
165 485 260 472
165 485 165 485
727 225 712 348
727 225 779 302
727 225 771 269
727 225 691 114
727 225 664 300
727 225 727 225
63 147 109 63
63 147 281 159
63 147 220 286
63 147 63 147
270 467 141 500
270 467 441 453
270 467 429 329
270 467 220 286
270 467 260 472
270 467 165 485
270 467 270 467
863 298 712 348
863 298 779 302
863 298 771 269
863 298 691 114
863 298 767 538
863 298 664 300
863 298 727 225
863 298 863 298
