200
1022 287 1022 287
324 425 324 425
39 390 39 390
764 407 764 407
987 337 1022 287
987 337 987 337
173 242 39 390
173 242 173 242
663 270 764 407
663 270 663 270
250 473 324 425
250 473 250 473
574 111 663 270
574 111 574 111
554 339 663 270
554 339 554 339
383 132 574 111
383 132 383 132
758 167 663 270
758 167 574 111
758 167 758 167
63 277 39 390
63 277 173 242
63 277 63 277
432 268 324 425
432 268 554 339
432 268 383 132
432 268 432 268
1012 342 1022 287
1012 342 987 337
1012 342 1012 342
763 160 663 270
763 160 574 111
763 160 758 167
763 160 763 160
4 13 4 13
397 50 574 111
397 50 383 132
397 50 397 50
628 376 764 407
628 376 663 270
628 376 554 339
628 376 628 376
593 458 764 407
593 458 554 339
593 458 628 376
593 458 593 458
20 484 39 390
20 484 20 484
173 319 324 425
173 319 39 390
173 319 173 242
173 319 250 473
173 319 63 277
173 319 173 319
951 543 951 543
461 260 574 111
461 260 554 339
461 260 383 132
461 260 432 268
461 260 461 260
994 229 1022 287
994 229 987 337
994 229 1012 342
994 229 994 229
601 564 628 376
601 564 593 458
601 564 601 564
186 400 324 425
186 400 39 390
186 400 173 242
186 400 250 473
186 400 63 277
186 400 20 484
186 400 173 319
186 400 186 400
388 430 324 425
388 430 250 473
388 430 554 339
388 430 432 268
388 430 461 260
388 430 388 430
768 480 764 407
768 480 628 376
768 480 593 458
768 480 951 543
768 480 601 564
768 480 768 480
18 549 39 390
18 549 20 484
18 549 18 549
110 417 39 390
110 417 173 242
110 417 250 473
110 417 63 277
110 417 20 484
110 417 173 319
110 417 186 400
110 417 18 549
110 417 110 417
186 299 324 425
186 299 39 390
186 299 173 242
186 299 250 473
186 299 63 277
186 299 173 319
186 299 186 400
186 299 110 417
186 299 186 299
774 172 663 270
774 172 758 167
774 172 763 160
774 172 774 172
827 474 764 407
827 474 951 543
827 474 768 480
827 474 827 474
771 20 758 167
771 20 763 160
771 20 774 172
771 20 771 20
287 508 324 425
287 508 250 473
287 508 186 400
287 508 388 430
287 508 110 417
287 508 287 508
950 65 994 229
950 65 771 20
950 65 950 65
83 119 173 242
83 119 63 277
83 119 4 13
83 119 83 119
291 257 324 425
291 257 173 242
291 257 383 132
291 257 432 268
291 257 173 319
291 257 461 260
291 257 186 400
291 257 388 430
291 257 186 299
291 257 291 257
253 173 173 242
253 173 383 132
253 173 397 50
253 173 173 319
253 173 186 299
253 173 83 119
253 173 291 257
253 173 253 173
756 463 764 407
756 463 628 376
756 463 593 458
756 463 601 564
756 463 768 480
756 463 827 474
756 463 756 463
123 6 4 13
123 6 83 119
123 6 123 6
686 516 764 407
686 516 628 376
686 516 593 458
686 516 601 564
686 516 768 480
686 516 827 474
686 516 756 463
686 516 686 516
48 28 4 13
48 28 83 119
48 28 123 6
48 28 48 28
204 101 173 242
204 101 383 132
204 101 397 50
204 101 186 299
204 101 83 119
204 101 291 257
204 101 253 173
204 101 123 6
204 101 48 28
204 101 204 101
234 164 173 242
234 164 383 132
234 164 397 50
234 164 173 319
234 164 186 299
234 164 83 119
234 164 291 257
234 164 253 173
234 164 123 6
234 164 204 101
234 164 234 164
162 437 324 425
162 437 39 390
162 437 173 242
162 437 250 473
162 437 63 277
162 437 20 484
162 437 173 319
162 437 186 400
162 437 18 549
162 437 110 417
162 437 186 299
162 437 287 508
162 437 162 437
511 143 663 270
511 143 574 111
511 143 383 132
511 143 432 268
511 143 397 50
511 143 461 260
511 143 511 143
286 114 173 242
286 114 383 132
286 114 397 50
286 114 291 257
286 114 253 173
286 114 123 6
286 114 204 101
286 114 234 164
286 114 286 114
803 297 764 407
803 297 987 337
803 297 663 270
803 297 758 167
803 297 763 160
803 297 628 376
803 297 768 480
803 297 774 172
803 297 827 474
803 297 756 463
803 297 803 297
285 65 383 132
285 65 397 50
285 65 291 257
285 65 253 173
285 65 123 6
285 65 204 101
285 65 234 164
285 65 286 114
285 65 285 65
243 336 324 425
243 336 173 242
243 336 250 473
243 336 63 277
243 336 173 319
243 336 186 400
243 336 388 430
243 336 110 417
243 336 186 299
243 336 287 508
243 336 291 257
243 336 253 173
243 336 234 164
243 336 162 437
243 336 243 336
656 201 663 270
656 201 574 111
656 201 554 339
656 201 758 167
656 201 763 160
656 201 628 376
656 201 774 172
656 201 511 143
656 201 803 297
656 201 656 201
489 229 663 270
489 229 574 111
489 229 554 339
489 229 383 132
489 229 432 268
489 229 461 260
489 229 291 257
489 229 511 143
489 229 656 201
489 229 489 229
302 532 324 425
302 532 250 473
302 532 186 400
302 532 388 430
302 532 287 508
302 532 162 437
302 532 302 532
295 418 324 425
295 418 250 473
295 418 173 319
295 418 186 400
295 418 388 430
295 418 110 417
295 418 186 299
295 418 287 508
295 418 291 257
295 418 162 437
295 418 243 336
295 418 302 532
295 418 295 418
885 505 764 407
885 505 987 337
885 505 951 543
885 505 768 480
885 505 827 474
885 505 756 463
885 505 686 516
885 505 885 505
919 343 1022 287
919 343 764 407
919 343 987 337
919 343 1012 342
919 343 994 229
919 343 827 474
919 343 803 297
919 343 885 505
919 343 919 343
15 121 173 242
15 121 63 277
15 121 4 13
15 121 83 119
15 121 123 6
15 121 48 28
15 121 204 101
15 121 15 121
479 511 324 425
479 511 554 339
479 511 593 458
479 511 601 564
479 511 388 430
479 511 287 508
479 511 302 532
479 511 479 511
320 156 173 242
320 156 383 132
320 156 432 268
320 156 397 50
320 156 461 260
320 156 186 299
320 156 291 257
320 156 253 173
320 156 204 101
320 156 234 164
320 156 511 143
320 156 286 114
320 156 285 65
320 156 243 336
320 156 489 229
320 156 320 156
811 557 764 407
811 557 951 543
811 557 768 480
811 557 827 474
811 557 756 463
811 557 686 516
811 557 885 505
811 557 811 557
415 130 574 111
415 130 383 132
415 130 432 268
415 130 397 50
415 130 461 260
415 130 291 257
415 130 253 173
415 130 234 164
415 130 511 143
415 130 286 114
415 130 285 65
415 130 489 229
415 130 320 156
415 130 415 130
504 417 324 425
504 417 554 339
504 417 432 268
504 417 628 376
504 417 593 458
504 417 461 260
504 417 601 564
504 417 388 430
504 417 489 229
504 417 479 511
504 417 504 417
414 255 324 425
414 255 554 339
414 255 383 132
414 255 432 268
414 255 461 260
414 255 388 430
414 255 291 257
414 255 253 173
414 255 511 143
414 255 286 114
414 255 243 336
414 255 489 229
414 255 320 156
414 255 415 130
414 255 504 417
414 255 414 255
809 439 764 407
809 439 628 376
809 439 951 543
809 439 768 480
809 439 827 474
809 439 756 463
809 439 686 516
809 439 803 297
809 439 885 505
809 439 919 343
809 439 811 557
809 439 809 439
794 20 758 167
794 20 763 160
794 20 774 172
794 20 771 20
794 20 950 65
794 20 794 20
907 288 1022 287
907 288 764 407
907 288 987 337
907 288 758 167
907 288 1012 342
907 288 763 160
907 288 994 229
907 288 774 172
907 288 803 297
907 288 919 343
907 288 809 439
907 288 907 288
447 352 324 425
447 352 554 339
447 352 432 268
447 352 628 376
447 352 593 458
447 352 461 260
447 352 388 430
447 352 291 257
447 352 489 229
447 352 295 418
447 352 479 511
447 352 504 417
447 352 414 255
447 352 447 352
152 6 4 13
152 6 83 119
152 6 253 173
152 6 123 6
152 6 48 28
152 6 204 101
152 6 234 164
152 6 286 114
152 6 285 65
152 6 15 121
152 6 152 6
818 28 758 167
818 28 763 160
818 28 774 172
818 28 771 20
818 28 950 65
818 28 794 20
818 28 818 28
143 248 39 390
143 248 173 242
143 248 63 277
143 248 173 319
143 248 186 400
143 248 110 417
143 248 186 299
143 248 83 119
143 248 291 257
143 248 253 173
143 248 204 101
143 248 234 164
143 248 162 437
143 248 286 114
143 248 243 336
143 248 15 121
143 248 320 156
143 248 143 248
834 245 1022 287
834 245 764 407
834 245 987 337
834 245 663 270
834 245 758 167
834 245 763 160
834 245 994 229
834 245 774 172
834 245 803 297
834 245 656 201
834 245 919 343
834 245 809 439
834 245 907 288
834 245 834 245
226 490 324 425
226 490 250 473
226 490 173 319
226 490 186 400
226 490 388 430
226 490 110 417
226 490 186 299
226 490 287 508
226 490 162 437
226 490 243 336
226 490 302 532
226 490 295 418
226 490 226 490
661 319 764 407
661 319 663 270
661 319 554 339
661 319 758 167
661 319 763 160
661 319 628 376
661 319 593 458
661 319 768 480
661 319 774 172
661 319 756 463
661 319 686 516
661 319 803 297
661 319 656 201
661 319 489 229
661 319 504 417
661 319 809 439
661 319 834 245
661 319 661 319
947 489 987 337
947 489 1012 342
947 489 951 543
947 489 768 480
947 489 827 474
947 489 756 463
947 489 885 505
947 489 919 343
947 489 811 557
947 489 809 439
947 489 947 489
129 160 173 242
129 160 63 277
129 160 4 13
129 160 173 319
129 160 186 299
129 160 83 119
129 160 291 257
129 160 253 173
129 160 123 6
129 160 48 28
129 160 204 101
129 160 234 164
129 160 286 114
129 160 285 65
129 160 15 121
129 160 320 156
129 160 152 6
129 160 143 248
129 160 129 160
757 295 764 407
757 295 663 270
757 295 758 167
757 295 763 160
757 295 628 376
757 295 768 480
757 295 774 172
757 295 827 474
757 295 756 463
757 295 803 297
757 295 656 201
757 295 919 343
757 295 809 439
757 295 907 288
757 295 834 245
757 295 661 319
757 295 757 295
457 407 324 425
457 407 554 339
457 407 432 268
457 407 628 376
457 407 593 458
457 407 461 260
457 407 388 430
457 407 287 508
457 407 489 229
457 407 302 532
457 407 295 418
457 407 479 511
457 407 504 417
457 407 414 255
457 407 447 352
457 407 457 407
787 458 764 407
787 458 628 376
787 458 593 458
787 458 951 543
787 458 768 480
787 458 827 474
787 458 756 463
787 458 686 516
787 458 803 297
787 458 885 505
787 458 919 343
787 458 811 557
787 458 809 439
787 458 661 319
787 458 947 489
787 458 757 295
787 458 787 458
931 370 1022 287
931 370 764 407
931 370 987 337
931 370 1012 342
931 370 951 543
931 370 994 229
931 370 768 480
931 370 827 474
931 370 756 463
931 370 803 297
931 370 885 505
931 370 919 343
931 370 809 439
931 370 907 288
931 370 834 245
931 370 947 489
931 370 757 295
931 370 787 458
931 370 931 370
180 451 324 425
180 451 39 390
180 451 250 473
180 451 20 484
180 451 173 319
180 451 186 400
180 451 18 549
180 451 110 417
180 451 186 299
180 451 287 508
180 451 162 437
180 451 243 336
180 451 302 532
180 451 295 418
180 451 226 490
180 451 180 451
775 186 663 270
775 186 758 167
775 186 763 160
775 186 774 172
775 186 771 20
775 186 803 297
775 186 656 201
775 186 794 20
775 186 907 288
775 186 818 28
775 186 834 245
775 186 661 319
775 186 757 295
775 186 775 186
540 356 663 270
540 356 554 339
540 356 432 268
540 356 628 376
540 356 593 458
540 356 461 260
540 356 388 430
540 356 656 201
540 356 489 229
540 356 479 511
540 356 504 417
540 356 414 255
540 356 447 352
540 356 661 319
540 356 457 407
540 356 540 356
430 334 324 425
430 334 554 339
430 334 432 268
430 334 461 260
430 334 388 430
430 334 291 257
430 334 243 336
430 334 489 229
430 334 295 418
430 334 479 511
430 334 504 417
430 334 414 255
430 334 447 352
430 334 457 407
430 334 540 356
430 334 430 334
525 547 628 376
525 547 593 458
525 547 601 564
525 547 388 430
525 547 686 516
525 547 479 511
525 547 504 417
525 547 457 407
525 547 540 356
525 547 525 547
636 386 764 407
636 386 663 270
636 386 554 339
636 386 628 376
636 386 593 458
636 386 601 564
636 386 768 480
636 386 756 463
636 386 686 516
636 386 803 297
636 386 656 201
636 386 504 417
636 386 809 439
636 386 447 352
636 386 661 319
636 386 757 295
636 386 457 407
636 386 787 458
636 386 540 356
636 386 525 547
636 386 636 386
403 468 324 425
403 468 250 473
403 468 554 339
403 468 593 458
403 468 388 430
403 468 287 508
403 468 302 532
403 468 295 418
403 468 479 511
403 468 504 417
403 468 447 352
403 468 226 490
403 468 457 407
403 468 540 356
403 468 430 334
403 468 525 547
403 468 403 468
47 406 39 390
47 406 63 277
47 406 20 484
47 406 173 319
47 406 186 400
47 406 18 549
47 406 110 417
47 406 186 299
47 406 162 437
47 406 143 248
47 406 226 490
47 406 180 451
47 406 47 406
194 572 324 425
194 572 250 473
194 572 20 484
194 572 186 400
194 572 18 549
194 572 110 417
194 572 287 508
194 572 162 437
194 572 302 532
194 572 295 418
194 572 226 490
194 572 180 451
194 572 194 572
289 496 324 425
289 496 250 473
289 496 186 400
289 496 388 430
289 496 110 417
289 496 287 508
289 496 162 437
289 496 243 336
289 496 302 532
289 496 295 418
289 496 479 511
289 496 226 490
289 496 457 407
289 496 180 451
289 496 403 468
289 496 194 572
289 496 289 496
720 515 764 407
720 515 628 376
720 515 593 458
720 515 601 564
720 515 768 480
720 515 827 474
720 515 756 463
720 515 686 516
720 515 885 505
720 515 811 557
720 515 809 439
720 515 787 458
720 515 525 547
720 515 636 386
720 515 720 515
5 560 39 390
5 560 20 484
5 560 18 549
5 560 110 417
5 560 162 437
5 560 47 406
5 560 194 572
5 560 5 560
466 476 324 425
466 476 554 339
466 476 628 376
466 476 593 458
466 476 601 564
466 476 388 430
466 476 287 508
466 476 302 532
466 476 295 418
466 476 479 511
466 476 504 417
466 476 447 352
466 476 457 407
466 476 540 356
466 476 430 334
466 476 525 547
466 476 636 386
466 476 403 468
466 476 289 496
466 476 466 476
765 577 764 407
765 577 951 543
765 577 601 564
765 577 768 480
765 577 827 474
765 577 756 463
765 577 686 516
765 577 885 505
765 577 811 557
765 577 809 439
765 577 787 458
765 577 720 515
765 577 765 577
871 222 1022 287
871 222 987 337
871 222 758 167
871 222 1012 342
871 222 763 160
871 222 994 229
871 222 774 172
871 222 950 65
871 222 803 297
871 222 919 343
871 222 907 288
871 222 834 245
871 222 757 295
871 222 931 370
871 222 775 186
871 222 871 222
389 199 383 132
389 199 432 268
389 199 397 50
389 199 461 260
389 199 291 257
389 199 253 173
389 199 234 164
389 199 511 143
389 199 286 114
389 199 285 65
389 199 489 229
389 199 320 156
389 199 415 130
389 199 414 255
389 199 447 352
389 199 430 334
389 199 389 199
377 86 574 111
377 86 383 132
377 86 432 268
377 86 397 50
377 86 461 260
377 86 291 257
377 86 253 173
377 86 204 101
377 86 234 164
377 86 511 143
377 86 286 114
377 86 285 65
377 86 489 229
377 86 320 156
377 86 415 130
377 86 414 255
377 86 389 199
377 86 377 86
37 139 173 242
37 139 63 277
37 139 4 13
37 139 83 119
37 139 123 6
37 139 48 28
37 139 204 101
37 139 234 164
37 139 15 121
37 139 152 6
37 139 143 248
37 139 129 160
37 139 37 139
104 48 4 13
104 48 83 119
104 48 253 173
104 48 123 6
104 48 48 28
104 48 204 101
104 48 234 164
104 48 286 114
104 48 285 65
104 48 15 121
104 48 152 6
104 48 129 160
104 48 37 139
104 48 104 48
