200
130 189 130 189
619 421 619 421
557 73 557 73
209 8 130 189
209 8 209 8
694 97 557 73
694 97 694 97
804 5 694 97
804 5 804 5
153 194 130 189
153 194 209 8
153 194 153 194
897 145 804 5
897 145 897 145
719 495 619 421
719 495 719 495
693 408 619 421
693 408 719 495
693 408 693 408
220 224 130 189
220 224 153 194
220 224 220 224
950 522 950 522
966 306 897 145
966 306 966 306
837 5 694 97
837 5 804 5
837 5 897 145
837 5 837 5
1051 234 897 145
1051 234 966 306
1051 234 1051 234
525 67 557 73
525 67 694 97
525 67 525 67
484 18 557 73
484 18 525 67
484 18 484 18
47 545 47 545
85 571 47 545
85 571 85 571
424 371 424 371
901 560 719 495
901 560 950 522
901 560 901 560
332 181 153 194
332 181 220 224
332 181 332 181
774 192 694 97
774 192 804 5
774 192 897 145
774 192 837 5
774 192 774 192
286 564 286 564
287 520 286 564
287 520 287 520
60 85 130 189
60 85 209 8
60 85 153 194
60 85 60 85
297 386 220 224
297 386 424 371
297 386 286 564
297 386 287 520
297 386 297 386
150 560 47 545
150 560 85 571
150 560 286 564
150 560 287 520
150 560 150 560
34 276 130 189
34 276 153 194
34 276 220 224
34 276 60 85
34 276 34 276
931 147 804 5
931 147 897 145
931 147 966 306
931 147 837 5
931 147 1051 234
931 147 774 192
931 147 931 147
901 101 804 5
901 101 897 145
901 101 837 5
901 101 774 192
901 101 931 147
901 101 901 101
951 262 897 145
951 262 966 306
951 262 1051 234
951 262 774 192
951 262 931 147
951 262 901 101
951 262 951 262
564 417 619 421
564 417 719 495
564 417 693 408
564 417 424 371
564 417 564 417
526 538 619 421
526 538 719 495
526 538 424 371
526 538 564 417
526 538 526 538
217 88 130 189
217 88 209 8
217 88 153 194
217 88 220 224
217 88 332 181
217 88 60 85
217 88 217 88
197 565 47 545
197 565 85 571
197 565 286 564
197 565 287 520
197 565 150 560
197 565 197 565
826 532 719 495
826 532 693 408
826 532 950 522
826 532 901 560
826 532 826 532
34 508 47 545
34 508 85 571
34 508 150 560
34 508 197 565
34 508 34 508
437 229 557 73
437 229 525 67
437 229 424 371
437 229 332 181
437 229 437 229
507 450 619 421
507 450 693 408
507 450 424 371
507 450 564 417
507 450 526 538
507 450 507 450
543 414 619 421
543 414 719 495
543 414 693 408
543 414 424 371
543 414 564 417
543 414 526 538
543 414 507 450
543 414 543 414
255 262 130 189
255 262 153 194
255 262 220 224
255 262 332 181
255 262 297 386
255 262 217 88
255 262 437 229
255 262 255 262
184 558 47 545
184 558 85 571
184 558 286 564
184 558 287 520
184 558 150 560
184 558 197 565
184 558 34 508
184 558 184 558
226 241 130 189
226 241 153 194
226 241 220 224
226 241 332 181
226 241 297 386
226 241 34 276
226 241 217 88
226 241 255 262
226 241 226 241
894 556 719 495
894 556 950 522
894 556 901 560
894 556 826 532
894 556 894 556
149 302 130 189
149 302 153 194
149 302 220 224
149 302 297 386
149 302 34 276
149 302 255 262
149 302 226 241
149 302 149 302
210 496 47 545
210 496 85 571
210 496 286 564
210 496 287 520
210 496 297 386
210 496 150 560
210 496 197 565
210 496 34 508
210 496 184 558
210 496 210 496
610 423 619 421
610 423 719 495
610 423 693 408
610 423 424 371
610 423 564 417
610 423 526 538
610 423 507 450
610 423 543 414
610 423 610 423
913 292 897 145
913 292 966 306
913 292 1051 234
913 292 774 192
913 292 931 147
913 292 901 101
913 292 951 262
913 292 913 292
521 301 619 421
521 301 424 371
521 301 564 417
521 301 437 229
521 301 507 450
521 301 543 414
521 301 610 423
521 301 521 301
113 408 47 545
113 408 85 571
113 408 297 386
113 408 150 560
113 408 34 276
113 408 197 565
113 408 34 508
113 408 184 558
113 408 149 302
113 408 210 496
113 408 113 408
794 484 619 421
794 484 719 495
794 484 693 408
794 484 950 522
794 484 901 560
794 484 826 532
794 484 894 556
794 484 610 423
794 484 794 484
768 509 619 421
768 509 719 495
768 509 693 408
768 509 950 522
768 509 901 560
768 509 826 532
768 509 894 556
768 509 610 423
768 509 794 484
768 509 768 509
630 526 619 421
630 526 719 495
630 526 693 408
630 526 564 417
630 526 526 538
630 526 826 532
630 526 507 450
630 526 543 414
630 526 610 423
630 526 794 484
630 526 768 509
630 526 630 526
339 442 424 371
339 442 286 564
339 442 287 520
339 442 297 386
339 442 197 565
339 442 507 450
339 442 255 262
339 442 184 558
339 442 210 496
339 442 339 442
701 520 619 421
701 520 719 495
701 520 693 408
701 520 564 417
701 520 526 538
701 520 826 532
701 520 543 414
701 520 894 556
701 520 610 423
701 520 794 484
701 520 768 509
701 520 630 526
701 520 701 520
327 341 220 224
327 341 424 371
327 341 332 181
327 341 287 520
327 341 297 386
327 341 437 229
327 341 255 262
327 341 226 241
327 341 149 302
327 341 210 496
327 341 521 301
327 341 339 442
327 341 327 341
855 418 719 495
855 418 693 408
855 418 950 522
855 418 966 306
855 418 901 560
855 418 951 262
855 418 826 532
855 418 894 556
855 418 913 292
855 418 794 484
855 418 768 509
855 418 701 520
855 418 855 418
334 246 153 194
334 246 220 224
334 246 424 371
334 246 332 181
334 246 297 386
334 246 217 88
334 246 437 229
334 246 255 262
334 246 226 241
334 246 149 302
334 246 521 301
334 246 339 442
334 246 327 341
334 246 334 246
219 483 47 545
219 483 85 571
219 483 286 564
219 483 287 520
219 483 297 386
219 483 150 560
219 483 197 565
219 483 34 508
219 483 184 558
219 483 149 302
219 483 210 496
219 483 113 408
219 483 339 442
219 483 327 341
219 483 219 483
683 9 557 73
683 9 694 97
683 9 804 5
683 9 837 5
683 9 525 67
683 9 484 18
683 9 683 9
294 433 424 371
294 433 286 564
294 433 287 520
294 433 297 386
294 433 150 560
294 433 197 565
294 433 255 262
294 433 184 558
294 433 149 302
294 433 210 496
294 433 113 408
294 433 339 442
294 433 327 341
294 433 334 246
294 433 219 483
294 433 294 433
631 408 619 421
631 408 719 495
631 408 693 408
631 408 564 417
631 408 526 538
631 408 507 450
631 408 543 414
631 408 610 423
631 408 521 301
631 408 794 484
631 408 768 509
631 408 630 526
631 408 701 520
631 408 631 408
104 351 130 189
104 351 153 194
104 351 220 224
104 351 297 386
104 351 34 276
104 351 34 508
104 351 255 262
104 351 226 241
104 351 149 302
104 351 210 496
104 351 113 408
104 351 219 483
104 351 104 351
53 236 130 189
53 236 153 194
53 236 220 224
53 236 60 85
53 236 34 276
53 236 226 241
53 236 149 302
53 236 113 408
53 236 104 351
53 236 53 236
985 276 897 145
985 276 966 306
985 276 1051 234
985 276 931 147
985 276 901 101
985 276 951 262
985 276 913 292
985 276 855 418
985 276 985 276
165 562 47 545
165 562 85 571
165 562 286 564
165 562 287 520
165 562 150 560
165 562 197 565
165 562 34 508
165 562 184 558
165 562 210 496
165 562 113 408
165 562 219 483
165 562 294 433
165 562 165 562
565 65 557 73
565 65 694 97
565 65 525 67
565 65 484 18
565 65 683 9
565 65 565 65
295 238 130 189
295 238 153 194
295 238 220 224
295 238 424 371
295 238 332 181
295 238 297 386
295 238 217 88
295 238 437 229
295 238 255 262
295 238 226 241
295 238 149 302
295 238 327 341
295 238 334 246
295 238 294 433
295 238 295 238
412 22 557 73
412 22 525 67
412 22 484 18
412 22 332 181
412 22 565 65
412 22 412 22
379 133 557 73
379 133 220 224
379 133 525 67
379 133 484 18
379 133 332 181
379 133 217 88
379 133 437 229
379 133 255 262
379 133 226 241
379 133 334 246
379 133 565 65
379 133 295 238
379 133 412 22
379 133 379 133
827 293 897 145
827 293 693 408
827 293 966 306
827 293 774 192
827 293 931 147
827 293 951 262
827 293 913 292
827 293 794 484
827 293 855 418
827 293 985 276
827 293 827 293
503 217 557 73
503 217 525 67
503 217 484 18
503 217 424 371
503 217 332 181
503 217 437 229
503 217 521 301
503 217 334 246
503 217 565 65
503 217 379 133
503 217 503 217
294 70 209 8
294 70 153 194
294 70 220 224
294 70 484 18
294 70 332 181
294 70 217 88
294 70 255 262
294 70 226 241
294 70 334 246
294 70 295 238
294 70 412 22
294 70 379 133
294 70 294 70
1006 347 950 522
1006 347 966 306
1006 347 1051 234
1006 347 951 262
1006 347 913 292
1006 347 855 418
1006 347 985 276
1006 347 827 293
1006 347 1006 347
428 191 557 73
428 191 525 67
428 191 484 18
428 191 424 371
428 191 332 181
428 191 437 229
428 191 255 262
428 191 521 301
428 191 327 341
428 191 334 246
428 191 565 65
428 191 295 238
428 191 412 22
428 191 379 133
428 191 503 217
428 191 294 70
428 191 428 191
629 196 557 73
629 196 694 97
629 196 525 67
629 196 774 192
629 196 437 229
629 196 521 301
629 196 683 9
629 196 565 65
629 196 503 217
629 196 629 196
1009 208 897 145
1009 208 966 306
1009 208 1051 234
1009 208 931 147
1009 208 901 101
1009 208 951 262
1009 208 913 292
1009 208 985 276
1009 208 1006 347
1009 208 1009 208
119 165 130 189
119 165 209 8
119 165 153 194
119 165 220 224
119 165 60 85
119 165 34 276
119 165 217 88
119 165 255 262
119 165 226 241
119 165 149 302
119 165 104 351
119 165 53 236
119 165 295 238
119 165 294 70
119 165 119 165
529 543 619 421
529 543 719 495
529 543 564 417
529 543 526 538
529 543 507 450
529 543 543 414
529 543 610 423
529 543 630 526
529 543 701 520
529 543 631 408
529 543 529 543
513 31 557 73
513 31 694 97
513 31 525 67
513 31 484 18
513 31 683 9
513 31 565 65
513 31 412 22
513 31 379 133
513 31 503 217
513 31 428 191
513 31 513 31
865 440 719 495
865 440 693 408
865 440 950 522
865 440 966 306
865 440 901 560
865 440 951 262
865 440 826 532
865 440 894 556
865 440 913 292
865 440 794 484
865 440 768 509
865 440 701 520
865 440 855 418
865 440 827 293
865 440 1006 347
865 440 865 440
548 343 619 421
548 343 693 408
548 343 424 371
548 343 564 417
548 343 526 538
548 343 437 229
548 343 507 450
548 343 543 414
548 343 610 423
548 343 521 301
548 343 631 408
548 343 503 217
548 343 428 191
548 343 629 196
548 343 548 343
940 312 897 145
940 312 966 306
940 312 1051 234
940 312 931 147
940 312 951 262
940 312 913 292
940 312 855 418
940 312 985 276
940 312 827 293
940 312 1006 347
940 312 1009 208
940 312 865 440
940 312 940 312
760 113 694 97
760 113 804 5
760 113 897 145
760 113 837 5
760 113 774 192
760 113 931 147
760 113 901 101
760 113 683 9
760 113 827 293
760 113 629 196
760 113 760 113
158 14 130 189
158 14 209 8
158 14 153 194
158 14 60 85
158 14 217 88
158 14 294 70
158 14 119 165
158 14 158 14
753 76 557 73
753 76 694 97
753 76 804 5
753 76 897 145
753 76 837 5
753 76 774 192
753 76 931 147
753 76 901 101
753 76 683 9
753 76 565 65
753 76 629 196
753 76 760 113
753 76 753 76
124 394 220 224
124 394 47 545
124 394 85 571
124 394 297 386
124 394 150 560
124 394 34 276
124 394 197 565
124 394 34 508
124 394 255 262
124 394 184 558
124 394 226 241
124 394 149 302
124 394 210 496
124 394 113 408
124 394 219 483
124 394 294 433
124 394 104 351
124 394 53 236
124 394 165 562
124 394 124 394
614 12 557 73
614 12 694 97
614 12 804 5
614 12 525 67
614 12 484 18
614 12 683 9
614 12 565 65
614 12 629 196
614 12 513 31
614 12 760 113
614 12 753 76
614 12 614 12
188 424 47 545
188 424 85 571
188 424 286 564
188 424 287 520
188 424 297 386
188 424 150 560
188 424 197 565
188 424 34 508
188 424 255 262
188 424 184 558
188 424 226 241
188 424 149 302
188 424 210 496
188 424 113 408
188 424 339 442
188 424 327 341
188 424 219 483
188 424 294 433
188 424 104 351
188 424 165 562
188 424 124 394
188 424 188 424
444 469 619 421
444 469 424 371
444 469 286 564
444 469 287 520
444 469 297 386
444 469 564 417
444 469 526 538
444 469 507 450
444 469 543 414
444 469 610 423
444 469 521 301
444 469 630 526
444 469 339 442
444 469 327 341
444 469 294 433
444 469 631 408
444 469 529 543
444 469 548 343
444 469 444 469
409 393 424 371
409 393 287 520
409 393 297 386
409 393 564 417
409 393 526 538
409 393 437 229
409 393 507 450
409 393 543 414
409 393 521 301
409 393 339 442
409 393 327 341
409 393 334 246
409 393 294 433
409 393 295 238
409 393 503 217
409 393 529 543
409 393 548 343
409 393 444 469
409 393 409 393
405 489 424 371
405 489 286 564
405 489 287 520
405 489 297 386
405 489 564 417
405 489 526 538
405 489 507 450
405 489 543 414
405 489 210 496
405 489 339 442
405 489 327 341
405 489 219 483
405 489 294 433
405 489 529 543
405 489 444 469
405 489 409 393
405 489 405 489
1048 137 897 145
1048 137 966 306
1048 137 1051 234
1048 137 931 147
1048 137 901 101
1048 137 951 262
1048 137 985 276
1048 137 1009 208
1048 137 1048 137
163 432 47 545
163 432 85 571
163 432 286 564
163 432 287 520
163 432 297 386
163 432 150 560
163 432 197 565
163 432 34 508
163 432 255 262
163 432 184 558
163 432 149 302
163 432 210 496
163 432 113 408
163 432 339 442
163 432 327 341
163 432 219 483
163 432 294 433
163 432 104 351
163 432 165 562
163 432 124 394
163 432 188 424
163 432 163 432
7 21 60 85
7 21 119 165
7 21 158 14
7 21 7 21
537 554 619 421
537 554 719 495
537 554 564 417
537 554 526 538
537 554 507 450
537 554 543 414
537 554 610 423
537 554 630 526
537 554 701 520
537 554 631 408
537 554 529 543
537 554 444 469
537 554 405 489
537 554 537 554
192 213 130 189
192 213 153 194
192 213 220 224
192 213 332 181
192 213 60 85
192 213 34 276
192 213 217 88
192 213 255 262
192 213 226 241
192 213 149 302
192 213 327 341
192 213 334 246
192 213 104 351
192 213 53 236
192 213 295 238
192 213 294 70
192 213 119 165
192 213 124 394
192 213 192 213
711 567 619 421
711 567 719 495
711 567 693 408
711 567 901 560
711 567 526 538
711 567 826 532
711 567 894 556
711 567 610 423
711 567 794 484
711 567 768 509
711 567 630 526
711 567 701 520
711 567 631 408
711 567 529 543
711 567 865 440
711 567 537 554
711 567 711 567
875 438 719 495
875 438 693 408
875 438 950 522
875 438 966 306
875 438 901 560
875 438 951 262
875 438 826 532
875 438 894 556
875 438 913 292
875 438 794 484
875 438 768 509
875 438 701 520
875 438 855 418
875 438 985 276
875 438 827 293
875 438 1006 347
875 438 865 440
875 438 940 312
875 438 875 438
