200
878 37 878 37
396 146 396 146
357 25 396 146
357 25 357 25
488 568 488 568
674 132 674 132
119 358 119 358
719 76 878 37
719 76 674 132
719 76 719 76
762 4 878 37
762 4 674 132
762 4 719 76
762 4 762 4
27 568 27 568
542 228 396 146
542 228 674 132
542 228 542 228
51 500 119 358
255 226 119 358
255 226 255 226
666 100 674 132
666 100 719 76
666 100 762 4
666 100 542 228
666 100 666 100
764 547 764 547
1008 550 1008 550
604 341 542 228
604 341 604 341
882 307 882 307
635 87 674 132
635 87 719 76
635 87 762 4
635 87 542 228
635 87 666 100
635 87 635 87
255 226 396 146
51 500 27 568
51 500 51 500
84 492 119 358
84 492 27 568
84 492 51 500
84 492 84 492
554 475 488 568
554 475 604 341
554 475 554 475
787 149 878 37
787 149 674 132
787 149 719 76
787 149 762 4
787 149 666 100
787 149 882 307
787 149 635 87
787 149 787 149
442 387 488 568
442 387 542 228
442 387 604 341
442 387 554 475
442 387 442 387
93 470 119 358
93 470 27 568
93 470 51 500
93 470 84 492
93 470 93 470
618 314 674 132
618 314 542 228
618 314 604 341
618 314 554 475
618 314 442 387
618 314 618 314
471 9 396 146
471 9 357 25
471 9 635 87
471 9 471 9
4 127 4 127
276 250 396 146
276 250 119 358
276 250 255 226
276 250 276 250
118 541 119 358
118 541 27 568
118 541 51 500
118 541 84 492
118 541 93 470
118 541 118 541
515 322 542 228
515 322 604 341
515 322 554 475
515 322 442 387
515 322 618 314
515 322 515 322
655 70 674 132
655 70 719 76
655 70 762 4
655 70 542 228
655 70 666 100
655 70 635 87
655 70 787 149
655 70 471 9
655 70 655 70
200 206 119 358
200 206 255 226
200 206 276 250
200 206 200 206
474 347 542 228
474 347 604 341
474 347 554 475
474 347 442 387
474 347 618 314
474 347 515 322
474 347 474 347
89 525 119 358
89 525 27 568
89 525 51 500
89 525 84 492
89 525 93 470
89 525 118 541
89 525 89 525
742 208 674 132
742 208 719 76
742 208 666 100
742 208 604 341
742 208 882 307
742 208 635 87
742 208 787 149
742 208 618 314
742 208 655 70
742 208 742 208
949 398 1008 550
949 398 882 307
949 398 949 398
163 270 119 358
163 270 255 226
163 270 276 250
163 270 200 206
163 270 163 270
364 557 488 568
364 557 442 387
364 557 364 557
392 98 396 146
392 98 357 25
392 98 542 228
392 98 255 226
392 98 471 9
392 98 276 250
392 98 392 98
373 238 396 146
373 238 542 228
373 238 255 226
373 238 442 387
373 238 276 250
373 238 515 322
373 238 200 206
373 238 474 347
373 238 392 98
373 238 373 238
936 46 878 37
936 46 762 4
936 46 787 149
936 46 936 46
840 118 878 37
840 118 674 132
840 118 719 76
840 118 762 4
840 118 666 100
840 118 882 307
840 118 787 149
840 118 655 70
840 118 742 208
840 118 936 46
840 118 840 118
927 430 1008 550
927 430 882 307
927 430 949 398
927 430 927 430
176 541 119 358
176 541 27 568
176 541 51 500
176 541 84 492
176 541 93 470
176 541 118 541
176 541 89 525
176 541 364 557
176 541 176 541
449 52 396 146
449 52 357 25
449 52 542 228
449 52 635 87
449 52 471 9
449 52 392 98
449 52 449 52
1060 59 878 37
1060 59 936 46
1060 59 1060 59
492 206 396 146
492 206 674 132
492 206 542 228
492 206 604 341
492 206 635 87
492 206 442 387
492 206 618 314
492 206 471 9
492 206 515 322
492 206 474 347
492 206 392 98
492 206 373 238
492 206 449 52
492 206 492 206
634 118 674 132
634 118 719 76
634 118 762 4
634 118 542 228
634 118 666 100
634 118 635 87
634 118 787 149
634 118 618 314
634 118 471 9
634 118 655 70
634 118 742 208
634 118 449 52
634 118 492 206
634 118 634 118
418 438 488 568
418 438 554 475
418 438 442 387
418 438 515 322
418 438 474 347
418 438 364 557
418 438 418 438
541 342 542 228
541 342 604 341
541 342 554 475
541 342 442 387
541 342 618 314
541 342 515 322
541 342 474 347
541 342 373 238
541 342 492 206
541 342 418 438
541 342 541 342
423 229 396 146
423 229 542 228
423 229 255 226
423 229 442 387
423 229 276 250
423 229 515 322
423 229 474 347
423 229 392 98
423 229 373 238
423 229 449 52
423 229 492 206
423 229 541 342
423 229 423 229
308 464 442 387
308 464 364 557
308 464 176 541
308 464 418 438
308 464 308 464
145 209 119 358
145 209 255 226
145 209 4 127
145 209 276 250
145 209 200 206
145 209 163 270
145 209 145 209
319 551 488 568
319 551 364 557
319 551 176 541
319 551 418 438
319 551 308 464
319 551 319 551
568 430 488 568
568 430 604 341
568 430 554 475
568 430 442 387
568 430 618 314
568 430 515 322
568 430 474 347
568 430 418 438
568 430 541 342
568 430 568 430
507 126 396 146
507 126 357 25
507 126 674 132
507 126 542 228
507 126 666 100
507 126 635 87
507 126 471 9
507 126 515 322
507 126 655 70
507 126 392 98
507 126 373 238
507 126 449 52
507 126 492 206
507 126 634 118
507 126 423 229
507 126 507 126
627 532 488 568
627 532 764 547
627 532 604 341
627 532 554 475
627 532 568 430
627 532 627 532
233 227 396 146
233 227 119 358
233 227 255 226
233 227 276 250
233 227 200 206
233 227 163 270
233 227 373 238
233 227 423 229
233 227 145 209
233 227 233 227
882 376 882 307
882 376 949 398
882 376 927 430
882 376 882 376
385 56 396 146
385 56 357 25
385 56 471 9
385 56 392 98
385 56 373 238
385 56 449 52
385 56 492 206
385 56 423 229
385 56 507 126
385 56 385 56
673 379 542 228
673 379 764 547
673 379 604 341
673 379 554 475
673 379 618 314
673 379 515 322
673 379 742 208
673 379 541 342
673 379 568 430
673 379 627 532
673 379 673 379
227 411 119 358
227 411 255 226
227 411 51 500
227 411 84 492
227 411 93 470
227 411 276 250
227 411 118 541
227 411 89 525
227 411 163 270
227 411 176 541
227 411 418 438
227 411 308 464
227 411 319 551
227 411 233 227
227 411 227 411
651 511 488 568
651 511 764 547
651 511 604 341
651 511 554 475
651 511 618 314
651 511 568 430
651 511 627 532
651 511 673 379
651 511 651 511
1002 51 878 37
1002 51 936 46
1002 51 840 118
1002 51 1060 59
1002 51 1002 51
239 208 396 146
239 208 119 358
239 208 255 226
239 208 276 250
239 208 200 206
239 208 163 270
239 208 392 98
239 208 373 238
239 208 423 229
239 208 145 209
239 208 233 227
239 208 239 208
365 288 396 146
365 288 542 228
365 288 255 226
365 288 442 387
365 288 276 250
365 288 515 322
365 288 200 206
365 288 474 347
365 288 392 98
365 288 373 238
365 288 492 206
365 288 418 438
365 288 541 342
365 288 423 229
365 288 308 464
365 288 233 227
365 288 227 411
365 288 239 208
365 288 365 288
558 219 396 146
558 219 674 132
558 219 542 228
558 219 666 100
558 219 604 341
558 219 635 87
558 219 618 314
558 219 515 322
558 219 655 70
558 219 474 347
558 219 742 208
558 219 373 238
558 219 449 52
558 219 492 206
558 219 634 118
558 219 541 342
558 219 423 229
558 219 507 126
558 219 673 379
558 219 558 219
540 368 542 228
540 368 604 341
540 368 554 475
540 368 442 387
540 368 618 314
540 368 515 322
540 368 474 347
540 368 492 206
540 368 418 438
540 368 541 342
540 368 423 229
540 368 568 430
540 368 627 532
540 368 673 379
540 368 651 511
540 368 365 288
540 368 558 219
540 368 540 368
819 74 878 37
819 74 674 132
819 74 719 76
819 74 762 4
819 74 666 100
819 74 635 87
819 74 787 149
819 74 655 70
819 74 742 208
819 74 936 46
819 74 840 118
819 74 634 118
819 74 1002 51
819 74 819 74
131 285 119 358
131 285 255 226
131 285 93 470
131 285 276 250
131 285 200 206
131 285 163 270
131 285 145 209
131 285 233 227
131 285 227 411
131 285 239 208
131 285 131 285
970 193 878 37
970 193 882 307
970 193 787 149
970 193 936 46
970 193 840 118
970 193 1060 59
970 193 1002 51
970 193 819 74
970 193 970 193
599 446 488 568
599 446 764 547
599 446 604 341
599 446 554 475
599 446 442 387
599 446 618 314
599 446 515 322
599 446 474 347
599 446 418 438
599 446 541 342
599 446 568 430
599 446 627 532
599 446 673 379
599 446 651 511
599 446 540 368
599 446 599 446
665 191 674 132
665 191 719 76
665 191 542 228
665 191 666 100
665 191 604 341
665 191 635 87
665 191 787 149
665 191 618 314
665 191 515 322
665 191 655 70
665 191 742 208
665 191 840 118
665 191 492 206
665 191 634 118
665 191 541 342
665 191 507 126
665 191 673 379
665 191 558 219
665 191 819 74
665 191 665 191
25 222 119 358
25 222 4 127
25 222 200 206
25 222 163 270
25 222 145 209
25 222 131 285
25 222 25 222
324 197 396 146
324 197 357 25
324 197 255 226
324 197 276 250
324 197 200 206
324 197 163 270
324 197 392 98
324 197 373 238
324 197 449 52
324 197 492 206
324 197 423 229
324 197 145 209
324 197 507 126
324 197 233 227
324 197 385 56
324 197 239 208
324 197 365 288
324 197 324 197
191 98 357 25
191 98 255 226
191 98 4 127
191 98 276 250
191 98 200 206
191 98 163 270
191 98 145 209
191 98 233 227
191 98 385 56
191 98 239 208
191 98 131 285
191 98 324 197
191 98 191 98
798 111 878 37
798 111 674 132
798 111 719 76
798 111 762 4
798 111 666 100
798 111 635 87
798 111 787 149
798 111 655 70
798 111 742 208
798 111 936 46
798 111 840 118
798 111 634 118
798 111 819 74
798 111 970 193
798 111 665 191
798 111 798 111
231 287 119 358
231 287 255 226
231 287 276 250
231 287 200 206
231 287 163 270
231 287 373 238
231 287 308 464
231 287 145 209
231 287 233 227
231 287 227 411
231 287 239 208
231 287 365 288
231 287 131 285
231 287 324 197
231 287 191 98
231 287 231 287
455 34 396 146
455 34 357 25
455 34 635 87
455 34 471 9
455 34 392 98
455 34 449 52
455 34 492 206
455 34 634 118
455 34 423 229
455 34 507 126
455 34 385 56
455 34 455 34
345 298 396 146
345 298 255 226
345 298 442 387
345 298 276 250
345 298 515 322
345 298 200 206
345 298 474 347
345 298 163 270
345 298 373 238
345 298 492 206
345 298 418 438
345 298 423 229
345 298 308 464
345 298 233 227
345 298 227 411
345 298 239 208
345 298 365 288
345 298 324 197
345 298 231 287
345 298 345 298
594 104 674 132
594 104 719 76
594 104 762 4
594 104 542 228
594 104 666 100
594 104 635 87
594 104 787 149
594 104 471 9
594 104 655 70
594 104 742 208
594 104 449 52
594 104 492 206
594 104 634 118
594 104 507 126
594 104 558 219
594 104 665 191
594 104 455 34
594 104 594 104
78 447 119 358
78 447 27 568
78 447 51 500
78 447 84 492
78 447 93 470
78 447 118 541
78 447 89 525
78 447 163 270
78 447 176 541
78 447 227 411
78 447 131 285
78 447 78 447
764 254 674 132
764 254 719 76
764 254 666 100
764 254 604 341
764 254 882 307
764 254 787 149
764 254 618 314
764 254 742 208
764 254 840 118
764 254 634 118
764 254 882 376
764 254 673 379
764 254 819 74
764 254 665 191
764 254 798 111
764 254 764 254
60 123 4 127
60 123 200 206
60 123 163 270
60 123 145 209
60 123 239 208
60 123 131 285
60 123 25 222
60 123 191 98
60 123 60 123
742 399 764 547
742 399 604 341
742 399 882 307
742 399 618 314
742 399 742 208
742 399 927 430
742 399 568 430
742 399 627 532
742 399 882 376
742 399 673 379
742 399 651 511
742 399 599 446
742 399 764 254
742 399 742 399
499 396 488 568
499 396 542 228
499 396 604 341
499 396 554 475
499 396 442 387
499 396 618 314
499 396 515 322
499 396 474 347
499 396 492 206
499 396 418 438
499 396 541 342
499 396 423 229
499 396 568 430
499 396 627 532
499 396 673 379
499 396 651 511
499 396 365 288
499 396 558 219
499 396 540 368
499 396 599 446
499 396 345 298
499 396 499 396
322 204 396 146
322 204 357 25
322 204 255 226
322 204 276 250
322 204 200 206
322 204 163 270
322 204 392 98
322 204 373 238
322 204 449 52
322 204 492 206
322 204 423 229
322 204 145 209
322 204 233 227
322 204 385 56
322 204 239 208
322 204 365 288
322 204 324 197
322 204 191 98
322 204 231 287
322 204 345 298
322 204 322 204
360 372 255 226
360 372 442 387
360 372 276 250
360 372 515 322
360 372 474 347
360 372 364 557
360 372 373 238
360 372 418 438
360 372 541 342
360 372 423 229
360 372 308 464
360 372 319 551
360 372 233 227
360 372 227 411
360 372 365 288
360 372 540 368
360 372 324 197
360 372 231 287
360 372 345 298
360 372 499 396
360 372 322 204
360 372 360 372
500 212 396 146
500 212 674 132
500 212 542 228
500 212 604 341
500 212 635 87
500 212 442 387
500 212 618 314
500 212 515 322
500 212 474 347
500 212 392 98
500 212 373 238
500 212 449 52
500 212 492 206
500 212 634 118
500 212 541 342
500 212 423 229
500 212 507 126
500 212 385 56
500 212 365 288
500 212 558 219
500 212 540 368
500 212 665 191
500 212 324 197
500 212 455 34
500 212 345 298
500 212 594 104
500 212 499 396
500 212 322 204
500 212 500 212
48 480 119 358
48 480 27 568
48 480 51 500
48 480 84 492
48 480 93 470
48 480 118 541
48 480 89 525
48 480 176 541
48 480 227 411
48 480 78 447
48 480 48 480
534 49 396 146
534 49 357 25
534 49 674 132
534 49 719 76
534 49 542 228
534 49 666 100
534 49 635 87
534 49 471 9
534 49 655 70
534 49 392 98
534 49 449 52
534 49 492 206
534 49 634 118
534 49 507 126
534 49 385 56
534 49 558 219
534 49 665 191
534 49 455 34
534 49 594 104
534 49 500 212
534 49 534 49
190 408 119 358
190 408 255 226
190 408 51 500
190 408 84 492
190 408 93 470
190 408 276 250
190 408 118 541
190 408 89 525
190 408 163 270
190 408 176 541
190 408 308 464
190 408 319 551
190 408 233 227
190 408 227 411
190 408 131 285
190 408 231 287
190 408 345 298
190 408 78 447
190 408 360 372
190 408 48 480
190 408 190 408
465 285 396 146
465 285 542 228
465 285 604 341
465 285 442 387
465 285 618 314
465 285 276 250
465 285 515 322
465 285 474 347
465 285 373 238
465 285 492 206
465 285 418 438
465 285 541 342
465 285 423 229
465 285 568 430
465 285 507 126
465 285 365 288
465 285 558 219
465 285 540 368
465 285 324 197
465 285 345 298
465 285 499 396
465 285 322 204
465 285 360 372
465 285 500 212
465 285 465 285
764 356 764 547
764 356 604 341
764 356 882 307
764 356 618 314
764 356 742 208
764 356 949 398
764 356 927 430
764 356 882 376
764 356 673 379
764 356 651 511
764 356 599 446
764 356 665 191
764 356 764 254
764 356 742 399
764 356 764 356
965 79 878 37
965 79 787 149
965 79 936 46
965 79 840 118
965 79 1060 59
965 79 1002 51
965 79 819 74
965 79 970 193
965 79 798 111
965 79 965 79
894 283 882 307
894 283 787 149
894 283 742 208
894 283 949 398
894 283 840 118
894 283 927 430
894 283 882 376
894 283 970 193
894 283 798 111
894 283 764 254
894 283 742 399
894 283 764 356
894 283 894 283
231 418 119 358
231 418 255 226
231 418 51 500
231 418 84 492
231 418 93 470
231 418 276 250
231 418 118 541
231 418 89 525
231 418 163 270
231 418 364 557
231 418 176 541
231 418 418 438
231 418 308 464
231 418 319 551
231 418 233 227
231 418 227 411
231 418 365 288
231 418 131 285
231 418 231 287
231 418 345 298
231 418 78 447
231 418 360 372
231 418 48 480
231 418 190 408
231 418 231 418
919 105 878 37
919 105 762 4
919 105 787 149
919 105 936 46
919 105 840 118
919 105 1060 59
919 105 1002 51
919 105 819 74
919 105 970 193
919 105 798 111
919 105 965 79
919 105 894 283
919 105 919 105
851 39 878 37
851 39 674 132
851 39 719 76
851 39 762 4
851 39 666 100
851 39 787 149
851 39 655 70
851 39 936 46
851 39 840 118
851 39 1002 51
851 39 819 74
851 39 970 193
851 39 798 111
851 39 965 79
851 39 919 105
851 39 851 39
686 398 764 547
686 398 604 341
686 398 554 475
686 398 618 314
686 398 515 322
686 398 742 208
686 398 541 342
686 398 568 430
686 398 627 532
686 398 882 376
686 398 673 379
686 398 651 511
686 398 540 368
686 398 599 446
686 398 764 254
686 398 742 399
686 398 499 396
686 398 764 356
686 398 686 398
496 480 488 568
496 480 604 341
496 480 554 475
496 480 442 387
496 480 515 322
496 480 474 347
496 480 364 557
496 480 418 438
496 480 541 342
496 480 308 464
496 480 319 551
496 480 568 430
496 480 627 532
496 480 651 511
496 480 540 368
496 480 599 446
496 480 499 396
496 480 360 372
496 480 465 285
496 480 496 480
