gain 10 4 -91.610197
gain 10 5 -90.19073
gain 10 6 -78.184339
gain 10 12 -78.330116
gain 10 13 -87.780169
gain 10 25 -84.695824
gain 10 28 -91.0
gain 10 29 -85.984935
gain 10 30 -92.138382
gain 10 31 -91.983033
gain 10 32 -82.356609
gain 10 35 -92.666667
gain 10 36 -89.990877
gain 10 42 -89.835982
gain 10 44 -84.013764
gain 10 50 -79.832599
gain 12 4 -91.334047
gain 12 5 -91.496599
gain 12 6 -81.556376
gain 12 10 -77.154679
gain 12 13 -89.368337
gain 12 22 -91.472264
gain 12 25 -70.913931
gain 12 28 -89.49329
gain 12 29 -91.498234
gain 12 30 -92.077504
gain 12 31 -93.1794
gain 12 32 -87.682039
gain 12 33 -92.0
gain 12 35 -86.424626
gain 12 36 -90.813853
gain 12 41 -90.690377
gain 12 42 -89.41796
gain 12 44 -74.959615
gain 12 50 -77.700334
gain 13 4 -85.615153
gain 13 5 -77.984205
gain 13 6 -90.09535
gain 13 10 -87.856407
gain 13 12 -91.408419
gain 13 22 -92.288876
gain 13 25 -82.262879
gain 13 28 -90.36
gain 13 29 -91.246658
gain 13 30 -91.037412
gain 13 31 -84.726799
gain 13 32 -84.165125
gain 13 35 -83.50864
gain 13 36 -78.38711
gain 13 41 -90.769231
gain 13 42 -75.115296
gain 13 44 -88.556429
gain 13 50 -89.895989
gain 14 7 -76.107133
gain 14 15 -88.050705
gain 14 17 -79.953337
gain 14 37 -89.176783
gain 14 41 -91.6
gain 14 43 -82.492345
gain 14 46 -91.324324
gain 14 47 -88.848497
gain 14 48 -92.228195
gain 15 7 -90.044887
gain 15 14 -80.007724
gain 15 17 -82.088446
gain 15 37 -92.4
gain 15 43 -82.381436
gain 17 7 -89.521068
gain 17 14 -79.299554
gain 17 15 -89.186034
gain 17 33 -88.765027
gain 17 37 -88.908791
gain 17 43 -85.941907
gain 17 47 -92.0
gain 17 48 -92.356275
gain 22 4 -89.396238
gain 22 5 -90.494103
gain 22 6 -90.944056
gain 22 10 -92.0
gain 22 12 -89.855757
gain 22 13 -89.734839
gain 22 25 -90.250383
gain 22 28 -80.203984
gain 22 29 -91.753172
gain 22 30 -77.763086
gain 22 31 -87.812517
gain 22 32 -90.404062
gain 22 33 -89.370398
gain 22 35 -76.480185
gain 22 36 -89.158517
gain 22 41 -88.989961
gain 22 42 -85.709007
gain 22 44 -92.176965
gain 22 46 -89.019758
gain 22 47 -91.26789
gain 22 48 -93.0
gain 22 50 -91.660183
gain 25 4 -90.757507
gain 25 5 -89.361199
gain 25 6 -80.421675
gain 25 10 -82.942039
gain 25 12 -70.247396
gain 25 13 -80.678294
gain 25 22 -91.728525
gain 25 28 -87.614712
gain 25 29 -82.995652
gain 25 30 -90.731987
gain 25 31 -93.280526
gain 25 32 -88.619857
gain 25 33 -91.682657
gain 25 35 -90.154379
gain 25 36 -89.650799
gain 25 42 -91.869863
gain 25 44 -80.936118
gain 25 50 -74.263386
gain 28 4 -73.436465
gain 28 5 -93.5
gain 28 6 -90.487032
gain 28 10 -92.857143
gain 28 12 -91.137507
gain 28 13 -90.762557
gain 28 22 -82.609111
gain 28 25 -88.97264
gain 28 29 -95.435653
gain 28 30 -91.253811
gain 28 31 -80.72502
gain 28 33 -91.311304
gain 28 35 -89.475999
gain 28 36 -92.173835
gain 28 37 -87.977878
gain 28 41 -79.924746
gain 28 42 -90.740441
gain 28 44 -88.611332
gain 28 46 -84.792877
gain 28 47 -91.493443
gain 28 48 -86.465376
gain 28 50 -92.100901
gain 29 4 -89.787897
gain 29 5 -80.420974
gain 29 6 -71.066043
gain 29 10 -79.30673
gain 29 12 -86.839071
gain 29 13 -85.2121
gain 29 22 -89.506535
gain 29 25 -78.846803
gain 29 28 -90.715576
gain 29 30 -92.88764
gain 29 31 -92.623918
gain 29 32 -66.891428
gain 29 35 -87.208011
gain 29 36 -85.718999
gain 29 42 -85.908954
gain 29 44 -91.750977
gain 29 50 -72.526601
gain 30 4 -90.224161
gain 30 5 -88.03947
gain 30 6 -88.063318
gain 30 10 -89.338235
gain 30 12 -90.467104
gain 30 13 -87.645121
gain 30 22 -77.567475
gain 30 25 -88.83867
gain 30 28 -87.982536
gain 30 29 -94.802298
gain 30 31 -83.254808
gain 30 32 -89.117256
gain 30 33 -91.451613
gain 30 35 -65.568601
gain 30 36 -88.438586
gain 30 37 -92.478567
gain 30 41 -88.381289
gain 30 42 -73.303104
gain 30 44 -86.986736
gain 30 46 -90.702128
gain 30 47 -91.154076
gain 30 48 -92.204868
gain 30 50 -91.05158
gain 31 4 -80.385211
gain 31 5 -91.394352
gain 31 6 -85.071924
gain 31 10 -89.875766
gain 31 12 -92.545999
gain 31 13 -82.305495
gain 31 22 -89.225709
gain 31 25 -92.076712
gain 31 28 -79.880544
gain 31 29 -95.010031
gain 31 30 -85.352685
gain 31 32 -88.695865
gain 31 33 -92.647059
gain 31 35 -75.640146
gain 31 36 -90.294563
gain 31 37 -92.578512
gain 31 41 -81.912369
gain 31 42 -77.635723
gain 31 44 -82.358953
gain 31 46 -90.934579
gain 31 48 -93.0
gain 31 50 -92.0
gain 32 4 -92.068182
gain 32 5 -75.41946
gain 32 6 -82.92756
gain 32 10 -82.940968
gain 32 12 -90.040572
gain 32 13 -84.794865
gain 32 22 -93.659409
gain 32 25 -91.250307
gain 32 29 -74.07109
gain 32 30 -92.852762
gain 32 31 -91.95141
gain 32 35 -87.206217
gain 32 36 -91.502991
gain 32 42 -89.849284
gain 32 44 -92.351185
gain 32 50 -82.074881
gain 33 4 -89.248147
gain 33 7 -90.696075
gain 33 12 -93.887324
gain 33 17 -89.859782
gain 33 22 -92.576049
gain 33 25 -94.0
gain 33 28 -90.8
gain 33 30 -94.866667
gain 33 31 -95.083333
gain 33 35 -91.47023
gain 33 37 -90.644864
gain 33 41 -76.550415
gain 33 44 -93.189767
gain 33 46 -66.147993
gain 33 47 -81.980111
gain 33 48 -90.589766
gain 35 4 -79.145435
gain 35 5 -83.02752
gain 35 6 -88.544029
gain 35 10 -91.5
gain 35 12 -86.521133
gain 35 13 -82.03122
gain 35 22 -78.588043
gain 35 25 -90.403722
gain 35 28 -87.706637
gain 35 29 -91.682795
gain 35 30 -68.071341
gain 35 31 -76.143634
gain 35 32 -84.442916
gain 35 33 -89.805133
gain 35 36 -84.667902
gain 35 37 -94.0
gain 35 41 -89.28345
gain 35 42 -71.859218
gain 35 44 -87.408581
gain 35 48 -93.157895
gain 35 50 -91.776779
gain 36 4 -90.406476
gain 36 5 -73.259786
gain 36 6 -88.651482
gain 36 10 -88.170583
gain 36 12 -90.805216
gain 36 13 -76.560863
gain 36 22 -90.483814
gain 36 25 -89.716543
gain 36 28 -90.280156
gain 36 29 -90.38431
gain 36 30 -90.482844
gain 36 31 -91.330734
gain 36 32 -89.159725
gain 36 35 -84.33468
gain 36 41 -90.267241
gain 36 42 -81.284585
gain 36 44 -80.446259
gain 36 50 -86.424127
gain 37 7 -76.160308
gain 37 14 -86.757347
gain 37 17 -87.918449
gain 37 28 -86.56811
gain 37 30 -94.082625
gain 37 31 -94.27027
gain 37 33 -88.837106
gain 37 35 -93.222222
gain 37 41 -90.757576
gain 37 43 -87.705414
gain 37 44 -95.0
gain 37 46 -81.968009
gain 37 47 -84.043289
gain 37 48 -67.050676
gain 4 5 -90.783019
gain 4 6 -88.950757
gain 4 10 -89.886037
gain 4 12 -91.078323
gain 4 13 -82.071954
gain 4 22 -89.921333
gain 4 25 -90.119828
gain 4 28 -70.02231
gain 4 29 -92.554478
gain 4 30 -91.683814
gain 4 31 -79.336786
gain 4 32 -90.141952
gain 4 33 -84.565217
gain 4 35 -77.546383
gain 4 36 -89.935004
gain 4 37 -92.833333
gain 4 41 -77.524775
gain 4 42 -88.891851
gain 4 44 -90.957078
gain 4 46 -90.1265
gain 4 47 -91.814815
gain 4 48 -90.411941
gain 4 50 -92.659794
gain 41 4 -80.004913
gain 41 7 -91.225806
gain 41 12 -93.253774
gain 41 13 -91.44186
gain 41 14 -90.928571
gain 41 22 -92.220782
gain 41 25 -93.0
gain 41 28 -80.366544
gain 41 30 -91.985909
gain 41 31 -83.708743
gain 41 33 -75.288035
gain 41 35 -91.008704
gain 41 36 -92.664943
gain 41 37 -92.493554
gain 41 42 -87.562261
gain 41 44 -87.726689
gain 41 46 -89.036629
gain 41 47 -85.438422
gain 41 48 -87.077532
gain 42 4 -90.239185
gain 42 5 -89.085677
gain 42 6 -84.926743
gain 42 10 -88.240683
gain 42 12 -89.325416
gain 42 13 -73.235868
gain 42 22 -87.675114
gain 42 25 -91.86087
gain 42 28 -89.454872
gain 42 29 -90.704084
gain 42 30 -75.199783
gain 42 31 -77.875849
gain 42 32 -88.170686
gain 42 35 -71.483166
gain 42 36 -81.684749
gain 42 41 -85.600137
gain 42 44 -83.284877
gain 42 50 -85.865222
gain 43 7 -83.678145
gain 43 14 -82.913049
gain 43 15 -90.351165
gain 43 17 -87.434635
gain 43 37 -89.880362
gain 43 47 -91.5
gain 43 48 -92.276351
gain 44 4 -90.234216
gain 44 5 -89.713175
gain 44 6 -79.983508
gain 44 10 -82.196458
gain 44 12 -74.452569
gain 44 13 -86.806262
gain 44 22 -92.922348
gain 44 25 -81.119012
gain 44 28 -87.157612
gain 44 29 -94.82924
gain 44 30 -89.257013
gain 44 31 -82.834722
gain 44 32 -89.911791
gain 44 33 -91.161467
gain 44 35 -87.158775
gain 44 36 -80.656395
gain 44 41 -85.552314
gain 44 42 -83.317033
gain 44 50 -79.878459
gain 46 4 -91.475285
gain 46 7 -91.115385
gain 46 14 -91.0
gain 46 17 -93.0
gain 46 22 -91.674062
gain 46 28 -85.103519
gain 46 31 -94.050314
gain 46 33 -64.936216
gain 46 37 -83.70667
gain 46 41 -88.266192
gain 46 47 -80.787289
gain 46 48 -86.498564
gain 47 7 -89.312337
gain 47 14 -86.606676
gain 47 17 -92.285714
gain 47 22 -93.436446
gain 47 28 -91.035714
gain 47 30 -93.477351
gain 47 33 -79.777521
gain 47 35 -93.176471
gain 47 37 -84.585559
gain 47 41 -84.147055
gain 47 43 -91.465385
gain 47 46 -80.008574
gain 47 48 -75.513722
gain 48 4 -91.285399
gain 48 7 -89.334741
gain 48 14 -90.336538
gain 48 17 -91.950664
gain 48 22 -92.333333
gain 48 28 -85.800027
gain 48 30 -94.827586
gain 48 31 -95.3
gain 48 33 -89.058716
gain 48 35 -93.6
gain 48 37 -67.638194
gain 48 41 -85.44554
gain 48 43 -90.804663
gain 48 46 -85.405824
gain 48 47 -75.814274
gain 5 6 -89.635009
gain 5 10 -88.816602
gain 5 12 -92.52261
gain 5 13 -76.659823
gain 5 22 -92.089265
gain 5 25 -89.748356
gain 5 28 -91.0
gain 5 29 -85.288214
gain 5 30 -90.436699
gain 5 31 -92.523416
gain 5 32 -73.107322
gain 5 35 -82.902689
gain 5 36 -73.990373
gain 5 42 -89.259823
gain 5 44 -90.361465
gain 5 50 -81.255374
gain 50 4 -92.363636
gain 50 5 -81.582254
gain 50 6 -77.943863
gain 50 10 -78.67519
gain 50 12 -77.753231
gain 50 13 -88.842823
gain 50 22 -93.551414
gain 50 25 -75.176932
gain 50 28 -91.138889
gain 50 29 -77.106717
gain 50 30 -92.640702
gain 50 31 -94.267857
gain 50 32 -80.369406
gain 50 35 -91.976923
gain 50 36 -87.278808
gain 50 42 -86.207344
gain 50 44 -80.245573
gain 6 4 -91.716697
gain 6 5 -91.717452
gain 6 10 -78.865239
gain 6 12 -84.056171
gain 6 13 -90.88287
gain 6 22 -94.3125
gain 6 25 -83.399619
gain 6 28 -90.867403
gain 6 29 -78.25806
gain 6 30 -92.246608
gain 6 31 -88.925089
gain 6 32 -83.147485
gain 6 35 -90.855627
gain 6 36 -91.308927
gain 6 42 -87.838529
gain 6 44 -82.819162
gain 6 50 -80.193075
gain 7 14 -75.105954
gain 7 15 -93.9
gain 7 17 -90.347466
gain 7 33 -90.589802
gain 7 37 -76.531774
gain 7 41 -90.72549
gain 7 43 -82.051577
gain 7 46 -91.15873
gain 7 47 -90.054148
gain 7 48 -90.674205
