gain 10 4 -71.9141
gain 10 5 -69.625136
gain 10 6 -57.434054
gain 10 7 -90.550752
gain 10 12 -55.585676
gain 10 13 -65.812881
gain 10 14 -90.026792
gain 10 17 -91.86747
gain 10 22 -83.373746
gain 10 25 -63.157432
gain 10 28 -80.238749
gain 10 29 -63.436081
gain 10 30 -73.231813
gain 10 31 -73.240575
gain 10 32 -60.504054
gain 10 33 -89.644851
gain 10 35 -82.664811
gain 10 36 -71.719315
gain 10 37 -91.290274
gain 10 41 -81.565174
gain 10 42 -69.136099
gain 10 44 -62.244423
gain 10 46 -83.062396
gain 10 47 -88.382167
gain 10 48 -84.38191
gain 10 50 -58.564459
gain 12 4 -78.523456
gain 12 5 -75.288529
gain 12 6 -59.662
gain 12 7 -85.920055
gain 12 10 -57.220667
gain 12 13 -69.983675
gain 12 14 -87.58906
gain 12 17 -90.799411
gain 12 22 -70.60364
gain 12 25 -51.0028
gain 12 28 -70.744958
gain 12 29 -69.850033
gain 12 30 -71.287381
gain 12 31 -75.368195
gain 12 32 -66.687967
gain 12 33 -75.736589
gain 12 35 -64.35533
gain 12 36 -70.419519
gain 12 37 -87.770525
gain 12 41 -73.806625
gain 12 42 -68.786909
gain 12 43 -86.600804
gain 12 44 -55.7896
gain 12 46 -86.089586
gain 12 47 -85.129612
gain 12 48 -81.984723
gain 12 50 -56.522267
gain 13 4 -63.50318
gain 13 5 -57.068793
gain 13 6 -69.974401
gain 13 7 -89.420703
gain 13 10 -65.580833
gain 13 12 -71.082758
gain 13 14 -90.778689
gain 13 15 -94.0
gain 13 17 -88.957067
gain 13 22 -74.577904
gain 13 25 -60.582973
gain 13 28 -78.039705
gain 13 29 -69.091769
gain 13 30 -69.820269
gain 13 31 -62.638649
gain 13 32 -62.921736
gain 13 33 -76.552825
gain 13 35 -61.608196
gain 13 36 -57.207568
gain 13 37 -89.034538
gain 13 41 -78.650322
gain 13 42 -55.612973
gain 13 43 -90.846433
gain 13 44 -65.976058
gain 13 46 -85.287857
gain 13 47 -84.498959
gain 13 48 -88.347134
gain 13 50 -69.158116
gain 14 4 -90.186952
gain 14 5 -92.134163
gain 14 6 -90.730263
gain 14 7 -57.042838
gain 14 10 -90.937318
gain 14 12 -89.412162
gain 14 13 -91.508251
gain 14 15 -65.649094
gain 14 17 -58.553798
gain 14 22 -92.050442
gain 14 25 -91.243693
gain 14 28 -86.773495
gain 14 29 -95.366716
gain 14 30 -87.533407
gain 14 31 -92.744314
gain 14 33 -79.613528
gain 14 35 -91.644615
gain 14 36 -91.525031
gain 14 37 -67.393132
gain 14 41 -74.60087
gain 14 42 -89.980723
gain 14 43 -60.692027
gain 14 44 -89.30011
gain 14 46 -76.055201
gain 14 47 -66.519595
gain 14 48 -73.919459
gain 15 4 -90.709961
gain 15 7 -71.744796
gain 15 12 -93.644144
gain 15 13 -90.11053
gain 15 14 -57.475135
gain 15 17 -60.491622
gain 15 22 -93.232
gain 15 25 -94.0
gain 15 28 -80.693504
gain 15 30 -91.113308
gain 15 31 -93.979118
gain 15 33 -85.835251
gain 15 35 -91.757636
gain 15 36 -93.333333
gain 15 37 -80.632483
gain 15 41 -88.76204
gain 15 42 -92.634723
gain 15 43 -60.571081
gain 15 44 -93.268293
gain 15 46 -87.71378
gain 15 47 -81.109177
gain 15 48 -78.942737
gain 17 4 -89.305825
gain 17 5 -90.001316
gain 17 6 -89.946463
gain 17 7 -69.889039
gain 17 10 -91.181609
gain 17 12 -91.518704
gain 17 13 -88.279902
gain 17 14 -57.736757
gain 17 15 -66.681216
gain 17 22 -84.267268
gain 17 25 -91.06367
gain 17 28 -80.920641
gain 17 29 -94.698079
gain 17 30 -88.662216
gain 17 31 -88.560945
gain 17 32 -91.0
gain 17 33 -66.512297
gain 17 35 -87.583617
gain 17 36 -91.572946
gain 17 37 -66.934324
gain 17 41 -77.426102
gain 17 42 -91.880809
gain 17 43 -64.177456
gain 17 44 -92.982871
gain 17 46 -81.569336
gain 17 47 -82.096672
gain 17 48 -74.352122
gain 17 50 -92.472062
gain 22 4 -67.600081
gain 22 5 -73.803831
gain 22 6 -74.741339
gain 22 7 -85.425744
gain 22 10 -79.949259
gain 22 12 -68.017869
gain 22 13 -70.744846
gain 22 14 -88.500286
gain 22 15 -93.125
gain 22 17 -81.293164
gain 22 25 -68.616248
gain 22 28 -57.303014
gain 22 29 -69.730837
gain 22 30 -56.686081
gain 22 31 -65.510889
gain 22 32 -73.132178
gain 22 33 -67.670946
gain 22 35 -56.774024
gain 22 36 -71.074044
gain 22 37 -82.999305
gain 22 41 -68.322183
gain 22 42 -64.282044
gain 22 43 -90.649794
gain 22 44 -72.63405
gain 22 46 -66.784025
gain 22 47 -72.458502
gain 22 48 -81.635996
gain 22 50 -73.984258
gain 25 4 -70.161378
gain 25 5 -68.77197
gain 25 6 -59.174459
gain 25 7 -89.960317
gain 25 10 -61.259224
gain 25 12 -50.445676
gain 25 13 -58.352941
gain 25 14 -88.910685
gain 25 17 -90.217457
gain 25 22 -70.496065
gain 25 28 -65.988079
gain 25 29 -61.153243
gain 25 30 -68.593475
gain 25 31 -77.563555
gain 25 32 -71.333739
gain 25 33 -73.895464
gain 25 35 -73.132817
gain 25 36 -68.783751
gain 25 37 -77.236337
gain 25 41 -78.159886
gain 25 42 -74.433565
gain 25 43 -85.486417
gain 25 44 -60.27403
gain 25 46 -83.625137
gain 25 47 -82.9852
gain 25 48 -82.516729
gain 25 50 -54.750946
gain 28 4 -53.177838
gain 28 5 -79.526682
gain 28 6 -72.817405
gain 28 7 -79.470053
gain 28 10 -79.093506
gain 28 12 -71.169464
gain 28 13 -77.011809
gain 28 14 -85.592446
gain 28 15 -87.49688
gain 28 17 -80.807175
gain 28 22 -61.062027
gain 28 25 -66.847838
gain 28 29 -80.992195
gain 28 30 -72.043219
gain 28 31 -59.388919
gain 28 32 -83.381684
gain 28 33 -73.614373
gain 28 35 -70.306515
gain 28 36 -79.494078
gain 28 37 -65.790946
gain 28 41 -57.075041
gain 28 42 -69.487478
gain 28 43 -85.174966
gain 28 44 -65.950345
gain 28 46 -63.106351
gain 28 47 -75.549885
gain 28 48 -64.45527
gain 28 50 -77.260805
gain 29 4 -68.009074
gain 29 5 -58.212703
gain 29 6 -52.872838
gain 29 7 -91.1
gain 29 10 -58.511486
gain 29 12 -64.746757
gain 29 13 -63.597213
gain 29 14 -89.754689
gain 29 17 -90.418832
gain 29 22 -67.464402
gain 29 25 -56.093378
gain 29 28 -76.050579
gain 29 30 -76.322906
gain 29 31 -75.092454
gain 29 32 -46.209324
gain 29 33 -84.748093
gain 29 35 -65.704958
gain 29 36 -64.570268
gain 29 37 -90.071975
gain 29 41 -82.924295
gain 29 42 -64.085722
gain 29 43 -91.162562
gain 29 44 -73.153543
gain 29 46 -87.859283
gain 29 47 -89.56285
gain 29 48 -90.126619
gain 29 50 -52.932703
gain 30 4 -72.16911
gain 30 5 -66.578484
gain 30 6 -66.934794
gain 30 7 -83.804919
gain 30 10 -68.957145
gain 30 12 -68.768971
gain 30 13 -66.131212
gain 30 14 -82.995794
gain 30 15 -92.88135
gain 30 17 -85.087461
gain 30 22 -56.959054
gain 30 25 -66.96878
gain 30 28 -69.255669
gain 30 29 -78.459531
gain 30 31 -61.716622
gain 30 32 -67.692942
gain 30 33 -77.878018
gain 30 35 -44.779595
gain 30 36 -67.402139
gain 30 37 -73.013247
gain 30 41 -67.074949
gain 30 42 -53.86473
gain 30 43 -89.396865
gain 30 44 -65.079193
gain 30 46 -78.786565
gain 30 47 -71.743784
gain 30 48 -75.421174
gain 30 50 -70.002704
gain 31 4 -59.162422
gain 31 5 -78.328909
gain 31 6 -63.417122
gain 31 7 -83.999866
gain 31 10 -71.177769
gain 31 12 -74.38477
gain 31 13 -60.66226
gain 31 14 -89.510081
gain 31 17 -86.898186
gain 31 22 -67.122209
gain 31 25 -76.67273
gain 31 28 -56.653677
gain 31 29 -78.624179
gain 31 30 -63.263755
gain 31 32 -67.700574
gain 31 33 -75.304447
gain 31 35 -56.738533
gain 31 36 -72.520948
gain 31 37 -75.656533
gain 31 41 -60.097704
gain 31 42 -56.658267
gain 31 43 -91.051793
gain 31 44 -60.579376
gain 31 46 -75.668581
gain 31 47 -78.885539
gain 31 48 -78.745116
gain 31 50 -81.739365
gain 32 4 -82.265601
gain 32 5 -56.122568
gain 32 6 -61.469189
gain 32 10 -61.372027
gain 32 12 -68.489448
gain 32 13 -63.216084
gain 32 17 -93.0
gain 32 22 -77.138703
gain 32 25 -73.76084
gain 32 28 -84.67076
gain 32 29 -54.359459
gain 32 30 -72.65415
gain 32 31 -70.688787
gain 32 33 -81.904106
gain 32 35 -64.612654
gain 32 36 -72.166101
gain 32 37 -92.645533
gain 32 41 -84.521025
gain 32 42 -73.22121
gain 32 44 -74.868808
gain 32 46 -88.484031
gain 32 47 -90.959296
gain 32 48 -90.81486
gain 32 50 -60.412703
gain 33 4 -66.683548
gain 33 5 -86.146379
gain 33 6 -83.950186
gain 33 7 -71.264368
gain 33 10 -89.319686
gain 33 12 -77.367675
gain 33 13 -77.220544
gain 33 14 -80.046689
gain 33 15 -90.814286
gain 33 17 -67.821192
gain 33 22 -72.320332
gain 33 25 -76.300975
gain 33 28 -75.468806
gain 33 29 -91.474126
gain 33 30 -81.870477
gain 33 31 -77.595997
gain 33 32 -82.071225
gain 33 35 -70.378514
gain 33 36 -86.57775
gain 33 37 -71.026066
gain 33 41 -57.480535
gain 33 42 -85.042824
gain 33 43 -78.918108
gain 33 44 -73.106833
gain 33 46 -45.171892
gain 33 47 -60.262162
gain 33 48 -72.709
gain 33 50 -86.776926
gain 35 4 -56.824571
gain 35 5 -61.742297
gain 35 6 -67.800243
gain 35 7 -88.862784
gain 35 10 -80.894771
gain 35 12 -64.799324
gain 35 13 -60.71164
gain 35 14 -89.912602
gain 35 17 -87.064632
gain 35 22 -56.974865
gain 35 25 -74.209573
gain 35 28 -70.244372
gain 35 29 -70.602784
gain 35 30 -48.750676
gain 35 31 -57.523919
gain 35 32 -63.312973
gain 35 33 -68.359064
gain 35 36 -66.087762
gain 35 37 -77.62456
gain 35 41 -68.650576
gain 35 42 -52.916081
gain 35 43 -88.043792
gain 35 44 -66.102356
gain 35 46 -81.430966
gain 35 47 -78.291931
gain 35 48 -76.048282
gain 35 50 -74.791506
gain 36 4 -71.227624
gain 36 5 -53.683919
gain 36 6 -71.311662
gain 36 7 -88.008562
gain 36 10 -69.209451
gain 36 12 -69.689884
gain 36 13 -56.966486
gain 36 14 -89.280938
gain 36 17 -91.017765
gain 36 22 -73.023964
gain 36 25 -69.108466
gain 36 28 -78.520011
gain 36 29 -68.849493
gain 36 30 -69.410792
gain 36 31 -72.599973
gain 36 32 -69.426852
gain 36 33 -84.172561
gain 36 35 -65.255827
gain 36 37 -83.671285
gain 36 41 -74.96181
gain 36 42 -60.549343
gain 36 43 -91.080696
gain 36 44 -58.316081
gain 36 46 -83.272712
gain 36 47 -87.858278
gain 36 48 -81.307335
gain 36 50 -64.500541
gain 37 4 -82.031053
gain 37 5 -88.339147
gain 37 6 -86.9908
gain 37 7 -57.062973
gain 37 10 -90.097179
gain 37 12 -87.594911
gain 37 13 -87.170174
gain 37 14 -65.259189
gain 37 15 -85.508639
gain 37 17 -66.246688
gain 37 22 -85.566442
gain 37 25 -77.507394
gain 37 28 -64.980733
gain 37 29 -93.600735
gain 37 30 -74.866585
gain 37 31 -76.109904
gain 37 32 -90.284779
gain 37 33 -68.233789
gain 37 35 -76.895526
gain 37 36 -83.912413
gain 37 41 -76.749965
gain 37 42 -87.186219
gain 37 43 -66.003378
gain 37 44 -77.866258
gain 37 46 -60.675811
gain 37 47 -62.465
gain 37 48 -46.516351
gain 37 50 -89.955888
gain 4 5 -80.463096
gain 4 6 -67.927664
gain 4 7 -86.59887
gain 4 10 -68.545922
gain 4 12 -77.024051
gain 4 13 -61.120622
gain 4 14 -87.79727
gain 4 15 -92.840228
gain 4 17 -88.152563
gain 4 22 -68.631992
gain 4 25 -69.64787
gain 4 28 -51.088919
gain 4 29 -71.735326
gain 4 30 -73.244031
gain 4 31 -57.481081
gain 4 32 -78.980605
gain 4 33 -63.591081
gain 4 35 -56.636118
gain 4 36 -70.965026
gain 4 37 -80.752622
gain 4 41 -58.686942
gain 4 42 -67.230738
gain 4 43 -88.839235
gain 4 44 -75.526244
gain 4 46 -77.854825
gain 4 47 -77.823036
gain 4 48 -70.091081
gain 4 50 -76.205591
gain 41 4 -58.578649
gain 41 5 -81.309316
gain 41 6 -77.208554
gain 41 7 -76.203169
gain 41 10 -81.466686
gain 41 12 -74.700828
gain 41 13 -78.220362
gain 41 14 -74.083525
gain 41 15 -92.683761
gain 41 17 -77.79336
gain 41 22 -71.785045
gain 41 25 -79.114846
gain 41 28 -57.424189
gain 41 29 -88.982332
gain 41 30 -71.084591
gain 41 31 -61.994594
gain 41 32 -84.636276
gain 41 33 -56.382162
gain 41 35 -69.600489
gain 41 36 -77.154622
gain 41 37 -78.720637
gain 41 42 -65.203328
gain 41 43 -85.193019
gain 41 44 -65.255348
gain 41 46 -68.732339
gain 41 47 -63.702703
gain 41 48 -65.143919
gain 41 50 -87.921237
gain 42 4 -68.438836
gain 42 5 -67.467803
gain 42 6 -63.246925
gain 42 7 -87.111931
gain 42 10 -67.499459
gain 42 12 -68.191069
gain 42 13 -54.121081
gain 42 14 -87.713368
gain 42 17 -91.061839
gain 42 22 -66.081586
gain 42 25 -74.577404
gain 42 28 -68.853754
gain 42 29 -68.569865
gain 42 30 -55.718378
gain 42 31 -57.12973
gain 42 32 -71.050799
gain 42 33 -82.627543
gain 42 35 -52.579403
gain 42 36 -60.632178
gain 42 37 -86.98797
gain 42 41 -63.88758
gain 42 43 -91.5
gain 42 44 -61.442087
gain 42 46 -85.091109
gain 42 47 -84.785478
gain 42 48 -88.9161
gain 42 50 -64.559524
gain 43 4 -90.455838
gain 43 6 -90.752727
gain 43 7 -62.064324
gain 43 12 -88.6916
gain 43 13 -91.047198
gain 43 14 -60.993649
gain 43 15 -68.687356
gain 43 17 -65.968623
gain 43 22 -93.792227
gain 43 25 -88.395816
gain 43 28 -86.276331
gain 43 29 -96.269231
gain 43 30 -92.480919
gain 43 31 -93.965517
gain 43 33 -79.052639
gain 43 35 -89.847552
gain 43 36 -92.877907
gain 43 37 -68.838064
gain 43 41 -85.401258
gain 43 42 -92.976744
gain 43 44 -89.041903
gain 43 46 -79.581146
gain 43 47 -75.909632
gain 43 48 -74.491958
gain 43 50 -92.465347
gain 44 4 -76.52909
gain 44 5 -68.571312
gain 44 6 -57.571216
gain 44 7 -89.839751
gain 44 10 -60.957432
gain 44 12 -55.270405
gain 44 13 -65.125203
gain 44 14 -87.007431
gain 44 17 -91.935961
gain 44 22 -75.034854
gain 44 25 -59.296892
gain 44 28 -65.776769
gain 44 29 -77.664858
gain 44 30 -67.2949
gain 44 31 -61.183649
gain 44 32 -72.758933
gain 44 33 -70.72747
gain 44 35 -65.57802
gain 44 36 -58.50473
gain 44 37 -77.946555
gain 44 41 -64.096792
gain 44 42 -61.642201
gain 44 43 -86.628898
gain 44 46 -85.736337
gain 44 47 -83.787335
gain 44 48 -82.297846
gain 44 50 -58.447838
gain 46 4 -79.831006
gain 46 5 -87.893273
gain 46 6 -79.085757
gain 46 7 -77.168471
gain 46 10 -82.301717
gain 46 12 -87.991492
gain 46 13 -84.537896
gain 46 14 -75.167976
gain 46 15 -92.050341
gain 46 17 -83.035475
gain 46 22 -70.317331
gain 46 25 -85.205532
gain 46 28 -63.51164
gain 46 29 -92.742694
gain 46 30 -81.642402
gain 46 31 -77.00679
gain 46 32 -87.143128
gain 46 33 -43.929054
gain 46 35 -82.455457
gain 46 36 -84.717516
gain 46 37 -61.987427
gain 46 41 -68.493489
gain 46 42 -86.579438
gain 46 43 -78.47752
gain 46 44 -87.327458
gain 46 47 -58.95473
gain 46 48 -64.935532
gain 46 50 -84.864339
gain 47 4 -79.10342
gain 47 5 -90.275047
gain 47 6 -87.3396
gain 47 7 -67.738948
gain 47 10 -87.252432
gain 47 12 -84.894363
gain 47 13 -83.316552
gain 47 14 -64.956351
gain 47 15 -87.002525
gain 47 17 -81.881165
gain 47 22 -74.760038
gain 47 25 -83.235462
gain 47 28 -74.920408
gain 47 29 -94.492923
gain 47 30 -74.188554
gain 47 31 -79.735759
gain 47 32 -89.88316
gain 47 33 -57.987025
gain 47 35 -77.819246
gain 47 36 -89.424242
gain 47 37 -62.828625
gain 47 41 -62.705954
gain 47 42 -85.009052
gain 47 43 -73.276216
gain 47 44 -84.09899
gain 47 46 -57.498514
gain 47 48 -56.235676
gain 47 50 -89.774184
gain 48 4 -71.028723
gain 48 5 -90.272233
gain 48 6 -81.656416
gain 48 7 -69.304718
gain 48 10 -82.62228
gain 48 12 -81.197813
gain 48 13 -86.339837
gain 48 14 -71.639324
gain 48 15 -84.434753
gain 48 17 -73.406305
gain 48 22 -83.136444
gain 48 25 -82.814111
gain 48 28 -64.266775
gain 48 29 -93.889764
gain 48 30 -77.155913
gain 48 31 -79.132168
gain 48 32 -88.813171
gain 48 33 -70.05588
gain 48 35 -75.896481
gain 48 36 -81.563975
gain 48 37 -46.375405
gain 48 41 -63.827806
gain 48 42 -89.472783
gain 48 43 -71.548243
gain 48 44 -82.070559
gain 48 46 -64.205433
gain 48 47 -56.433649
gain 48 50 -86.229622
gain 5 4 -81.375506
gain 5 6 -70.856659
gain 5 7 -90.148828
gain 5 10 -67.916824
gain 5 12 -74.836749
gain 5 13 -56.841622
gain 5 14 -90.099156
gain 5 17 -89.669991
gain 5 22 -75.823817
gain 5 25 -69.122802
gain 5 28 -78.929332
gain 5 29 -63.127162
gain 5 30 -68.979119
gain 5 31 -78.520643
gain 5 32 -53.96973
gain 5 33 -84.163411
gain 5 35 -61.264567
gain 5 36 -54.612297
gain 5 37 -88.416782
gain 5 41 -80.40976
gain 5 42 -67.645856
gain 5 44 -68.864253
gain 5 46 -86.643916
gain 5 47 -89.743774
gain 5 48 -90.30254
gain 5 50 -58.607973
gain 50 4 -77.350701
gain 50 5 -59.294889
gain 50 6 -57.971892
gain 50 7 -91.0
gain 50 10 -58.195676
gain 50 12 -56.062973
gain 50 13 -68.550522
gain 50 17 -91.930693
gain 50 22 -76.726851
gain 50 25 -55.163784
gain 50 28 -77.082242
gain 50 29 -55.912556
gain 50 30 -72.985996
gain 50 31 -82.618662
gain 50 32 -57.952831
gain 50 33 -84.698173
gain 50 35 -74.643166
gain 50 36 -65.217591
gain 50 37 -90.224125
gain 50 41 -86.053779
gain 50 42 -65.218539
gain 50 43 -91.206266
gain 50 44 -58.346486
gain 50 46 -84.43408
gain 50 47 -89.465896
gain 50 48 -86.583133
gain 6 4 -72.072641
gain 6 5 -73.662953
gain 6 7 -91.223529
gain 6 10 -57.080946
gain 6 12 -62.38
gain 6 13 -71.128327
gain 6 14 -90.113208
gain 6 17 -91.505685
gain 6 22 -79.154046
gain 6 25 -61.844054
gain 6 28 -75.137311
gain 6 29 -56.102027
gain 6 30 -71.945872
gain 6 31 -66.222838
gain 6 32 -61.433649
gain 6 33 -84.284615
gain 6 35 -70.05793
gain 6 36 -74.528614
gain 6 37 -89.326628
gain 6 41 -78.586442
gain 6 42 -65.639697
gain 6 43 -91.174334
gain 6 44 -61.047587
gain 6 46 -80.838213
gain 6 47 -89.547259
gain 6 48 -84.333696
gain 6 50 -57.695946
gain 7 4 -88.91198
gain 7 5 -91.413919
gain 7 6 -90.362319
gain 7 10 -91.169279
gain 7 12 -86.84137
gain 7 13 -89.586108
gain 7 14 -55.725676
gain 7 15 -78.086615
gain 7 17 -69.546771
gain 7 22 -88.710166
gain 7 25 -92.051213
gain 7 28 -79.475521
gain 7 29 -96.666667
gain 7 30 -87.158933
gain 7 31 -85.885341
gain 7 33 -69.66802
gain 7 35 -90.058439
gain 7 36 -89.630419
gain 7 37 -57.62973
gain 7 41 -75.768969
gain 7 42 -88.660618
gain 7 43 -60.261016
gain 7 44 -91.799227
gain 7 46 -76.956121
gain 7 47 -68.310541
gain 7 48 -69.922255
gain 7 50 -92.104839
