gain 10 4 -74.830137
gain 10 5 -72.281555
gain 10 6 -60.084595
gain 10 7 -91.5
gain 10 12 -59.428649
gain 10 13 -68.487805
gain 10 14 -91.030303
gain 10 17 -92.822222
gain 10 22 -85.80544
gain 10 25 -65.729288
gain 10 28 -82.240642
gain 10 29 -66.005946
gain 10 30 -75.803967
gain 10 31 -75.99837
gain 10 32 -63.391892
gain 10 33 -90.224066
gain 10 35 -84.674591
gain 10 36 -74.216301
gain 10 37 -91.974419
gain 10 41 -83.848208
gain 10 42 -71.479489
gain 10 44 -64.636819
gain 10 46 -85.365636
gain 10 47 -89.856784
gain 10 48 -86.631816
gain 10 50 -60.675588
gain 12 4 -80.75373
gain 12 5 -77.850673
gain 12 6 -62.989332
gain 12 7 -88.352825
gain 12 10 -58.156
gain 12 13 -72.867935
gain 12 14 -89.394597
gain 12 17 -91.833893
gain 12 22 -73.514546
gain 12 25 -54.282933
gain 12 28 -73.62221
gain 12 29 -72.681345
gain 12 30 -74.294204
gain 12 31 -77.945332
gain 12 32 -69.001335
gain 12 33 -78.109266
gain 12 35 -66.938018
gain 12 36 -73.346761
gain 12 37 -89.329604
gain 12 41 -76.509462
gain 12 42 -71.47367
gain 12 43 -89.110726
gain 12 44 -57.9424
gain 12 46 -88.000225
gain 12 47 -87.655254
gain 12 48 -84.499259
gain 12 50 -58.366133
gain 13 4 -65.831572
gain 13 5 -58.071622
gain 13 6 -72.994843
gain 13 7 -90.667456
gain 13 10 -68.381661
gain 13 12 -73.947888
gain 13 17 -90.478229
gain 13 22 -77.462486
gain 13 25 -63.011623
gain 13 28 -80.469019
gain 13 29 -72.010965
gain 13 30 -72.861628
gain 13 31 -65.085463
gain 13 32 -65.392703
gain 13 33 -78.933624
gain 13 35 -63.972121
gain 13 36 -59.25355
gain 13 37 -90.574125
gain 13 41 -81.024797
gain 13 42 -56.596619
gain 13 43 -91.613333
gain 13 44 -68.788261
gain 13 46 -87.637079
gain 13 47 -86.884305
gain 13 48 -89.844982
gain 13 50 -71.974126
gain 14 4 -91.209451
gain 14 5 -93.222222
gain 14 7 -58.247703
gain 14 10 -91.632075
gain 14 12 -91.328253
gain 14 13 -91.269231
gain 14 15 -68.051216
gain 14 17 -61.038378
gain 14 22 -92.867667
gain 14 25 -91.93956
gain 14 28 -88.101216
gain 14 29 -96.318681
gain 14 30 -89.952341
gain 14 31 -93.520074
gain 14 33 -81.867011
gain 14 35 -92.54878
gain 14 36 -92.677534
gain 14 37 -70.057838
gain 14 41 -77.200136
gain 14 42 -91.665039
gain 14 43 -63.155811
gain 14 44 -91.329901
gain 14 46 -78.480302
gain 14 47 -69.074324
gain 14 48 -76.396295
gain 15 4 -91.69473
gain 15 7 -74.439816
gain 15 12 -93.714286
gain 15 13 -91.205428
gain 15 14 -60.471216
gain 15 17 -62.913378
gain 15 22 -93.791667
gain 15 28 -82.969233
gain 15 30 -92.578728
gain 15 31 -94.5
gain 15 33 -87.114656
gain 15 35 -92.9375
gain 15 37 -82.877773
gain 15 41 -89.50647
gain 15 42 -92.114504
gain 15 43 -62.965676
gain 15 44 -94.666667
gain 15 46 -88.80907
gain 15 47 -83.342458
gain 15 48 -81.177262
gain 17 4 -90.351319
gain 17 5 -91.438813
gain 17 6 -91.071429
gain 17 7 -72.764069
gain 17 10 -91.804878
gain 17 12 -92.804708
gain 17 13 -89.83623
gain 17 14 -59.747027
gain 17 15 -69.30527
gain 17 22 -87.24713
gain 17 25 -92.139218
gain 17 28 -83.193522
gain 17 29 -95.55516
gain 17 30 -90.590698
gain 17 31 -90.697813
gain 17 33 -69.206379
gain 17 35 -89.774184
gain 17 36 -92.522361
gain 17 37 -69.522703
gain 17 41 -79.778992
gain 17 42 -92.805815
gain 17 43 -66.517568
gain 17 44 -94.064
gain 17 46 -83.747811
gain 17 47 -84.44129
gain 17 48 -76.886994
gain 17 50 -93.357143
gain 22 4 -70.485544
gain 22 5 -76.362008
gain 22 6 -77.417752
gain 22 7 -87.532373
gain 22 10 -82.276887
gain 22 12 -70.829516
gain 22 13 -73.535924
gain 22 14 -88.80226
gain 22 17 -83.890004
gain 22 25 -71.614771
gain 22 28 -61.201326
gain 22 29 -72.70119
gain 22 30 -58.875473
gain 22 31 -68.034641
gain 22 32 -76.081922
gain 22 33 -70.404163
gain 22 35 -56.825946
gain 22 36 -73.765929
gain 22 37 -85.380932
gain 22 41 -70.98166
gain 22 42 -66.535705
gain 22 43 -91.791045
gain 22 44 -75.601224
gain 22 46 -69.657112
gain 22 47 -75.547175
gain 22 48 -83.472574
gain 22 50 -76.875051
gain 25 4 -73.415297
gain 25 5 -71.474841
gain 25 6 -61.539668
gain 25 7 -90.55
gain 25 10 -63.776051
gain 25 12 -53.807703
gain 25 13 -61.641775
gain 25 14 -89.667442
gain 25 17 -91.292332
gain 25 22 -73.468019
gain 25 28 -68.536029
gain 25 29 -63.737973
gain 25 30 -71.465934
gain 25 31 -80.052768
gain 25 32 -74.300136
gain 25 33 -76.28866
gain 25 35 -75.676795
gain 25 36 -71.736635
gain 25 37 -79.783681
gain 25 41 -80.445376
gain 25 42 -77.228987
gain 25 43 -88.504801
gain 25 44 -61.32124
gain 25 46 -86.087594
gain 25 47 -85.516712
gain 25 48 -85.148877
gain 25 50 -57.606163
gain 28 4 -56.913784
gain 28 5 -81.916724
gain 28 6 -75.809311
gain 28 7 -81.776797
gain 28 10 -81.450683
gain 28 12 -73.900624
gain 28 13 -79.533579
gain 28 14 -87.492029
gain 28 15 -89.827652
gain 28 17 -83.348316
gain 28 22 -63.44159
gain 28 25 -69.515078
gain 28 29 -83.615164
gain 28 30 -74.547606
gain 28 31 -61.745135
gain 28 32 -85.673361
gain 28 33 -76.187117
gain 28 35 -72.943222
gain 28 36 -81.951697
gain 28 37 -68.216486
gain 28 41 -61.529985
gain 28 42 -72.704827
gain 28 43 -87.821114
gain 28 44 -68.582927
gain 28 46 -65.524865
gain 28 47 -78.118561
gain 28 48 -67.181351
gain 28 50 -79.838179
gain 29 4 -70.732194
gain 29 5 -61.27973
gain 29 6 -55.782162
gain 29 10 -60.040946
gain 29 12 -67.230873
gain 29 13 -66.029978
gain 29 14 -90.699367
gain 29 17 -91.633964
gain 29 22 -70.180744
gain 29 25 -60.351351
gain 29 28 -78.649533
gain 29 30 -78.566038
gain 29 31 -77.615563
gain 29 32 -50.375
gain 29 33 -87.449422
gain 29 35 -68.100176
gain 29 36 -66.957306
gain 29 37 -91.267857
gain 29 41 -85.238209
gain 29 42 -66.292118
gain 29 43 -91.5
gain 29 44 -75.951615
gain 29 46 -89.227318
gain 29 47 -90.392491
gain 29 48 -91.382675
gain 29 50 -55.765541
gain 30 4 -74.695564
gain 30 5 -69.138001
gain 30 6 -69.304548
gain 30 7 -85.92152
gain 30 10 -71.674652
gain 30 12 -71.374053
gain 30 13 -68.815953
gain 30 14 -85.259584
gain 30 15 -93.764706
gain 30 17 -87.599142
gain 30 22 -58.858514
gain 30 25 -69.387214
gain 30 28 -71.896051
gain 30 29 -80.725493
gain 30 31 -64.046757
gain 30 32 -70.22473
gain 30 33 -80.279865
gain 30 35 -48.628108
gain 30 36 -69.902261
gain 30 37 -75.424939
gain 30 41 -69.388414
gain 30 42 -56.738784
gain 30 43 -90.087025
gain 30 44 -67.359648
gain 30 46 -80.940219
gain 30 47 -74.683065
gain 30 48 -77.706367
gain 30 50 -72.866207
gain 31 4 -61.573316
gain 31 5 -80.885257
gain 31 6 -65.828221
gain 31 7 -86.508263
gain 31 10 -73.877073
gain 31 12 -76.989782
gain 31 13 -63.043071
gain 31 14 -89.920863
gain 31 17 -89.302128
gain 31 22 -70.011237
gain 31 25 -79.121535
gain 31 28 -60.73247
gain 31 29 -81.014731
gain 31 30 -65.902859
gain 31 32 -70.430211
gain 31 33 -77.594077
gain 31 35 -56.630252
gain 31 36 -75.157881
gain 31 37 -78.050227
gain 31 41 -62.718562
gain 31 42 -57.796773
gain 31 43 -90.5
gain 31 44 -63.348325
gain 31 46 -77.929193
gain 31 47 -81.29323
gain 31 48 -81.25302
gain 31 50 -83.45849
gain 32 4 -82.981543
gain 32 5 -57.656757
gain 32 6 -63.906081
gain 32 10 -63.650628
gain 32 12 -70.859502
gain 32 13 -65.629052
gain 32 22 -79.513681
gain 32 25 -76.153596
gain 32 28 -86.719493
gain 32 29 -56.741216
gain 32 30 -75.219572
gain 32 31 -73.410894
gain 32 33 -84.582831
gain 32 35 -67.141442
gain 32 36 -75.150687
gain 32 37 -93.0
gain 32 41 -86.42
gain 32 42 -75.691897
gain 32 44 -77.475327
gain 32 46 -89.934271
gain 32 47 -91.730769
gain 32 48 -91.861456
gain 32 50 -62.76
gain 33 4 -69.342416
gain 33 5 -88.403955
gain 33 6 -86.387605
gain 33 7 -74.388183
gain 33 10 -90.420709
gain 33 12 -79.731073
gain 33 13 -79.499116
gain 33 14 -82.165828
gain 33 15 -92.33555
gain 33 17 -70.686892
gain 33 22 -75.052582
gain 33 25 -78.654826
gain 33 28 -77.854256
gain 33 29 -93.244496
gain 33 30 -84.209362
gain 33 31 -79.975078
gain 33 32 -84.47223
gain 33 35 -73.296915
gain 33 36 -88.221695
gain 33 37 -73.544068
gain 33 41 -56.4238
gain 33 42 -87.121606
gain 33 43 -81.325449
gain 33 44 -75.619584
gain 33 46 -50.021622
gain 33 47 -62.645811
gain 33 48 -75.142857
gain 33 50 -88.905854
gain 35 4 -60.492701
gain 35 5 -64.077391
gain 35 6 -70.408962
gain 35 7 -89.829396
gain 35 10 -82.858068
gain 35 12 -67.10596
gain 35 13 -62.925179
gain 35 14 -90.428571
gain 35 17 -89.242158
gain 35 22 -59.443378
gain 35 25 -76.286872
gain 35 28 -72.751461
gain 35 29 -73.288883
gain 35 30 -51.852548
gain 35 31 -55.200541
gain 35 32 -65.458981
gain 35 33 -70.969504
gain 35 36 -68.362169
gain 35 37 -79.871357
gain 35 41 -71.352733
gain 35 42 -55.587027
gain 35 43 -89.79812
gain 35 44 -68.338566
gain 35 46 -83.748479
gain 35 47 -80.369609
gain 35 48 -78.223306
gain 35 50 -77.227747
gain 36 4 -74.123062
gain 36 5 -56.453243
gain 36 6 -73.799675
gain 36 7 -89.565514
gain 36 10 -71.925085
gain 36 12 -72.487887
gain 36 13 -56.761454
gain 36 14 -90.282182
gain 36 17 -91.92238
gain 36 22 -75.371968
gain 36 25 -71.557614
gain 36 28 -80.954608
gain 36 29 -71.680698
gain 36 30 -72.108306
gain 36 31 -74.95231
gain 36 32 -71.869748
gain 36 33 -85.939675
gain 36 35 -67.670956
gain 36 37 -86.322951
gain 36 41 -77.568401
gain 36 42 -62.525162
gain 36 43 -92.0
gain 36 44 -61.16973
gain 36 46 -85.444505
gain 36 47 -87.368086
gain 36 48 -83.591631
gain 36 50 -66.97
gain 37 4 -84.462235
gain 37 5 -90.31299
gain 37 6 -88.298268
gain 37 7 -58.61
gain 37 10 -90.993049
gain 37 12 -89.344874
gain 37 13 -88.823559
gain 37 14 -67.830495
gain 37 15 -87.608784
gain 37 17 -69.01
gain 37 22 -87.835704
gain 37 25 -79.909696
gain 37 28 -67.674902
gain 37 29 -94.698389
gain 37 30 -77.265668
gain 37 31 -78.529372
gain 37 32 -90.554348
gain 37 33 -70.957701
gain 37 35 -79.421734
gain 37 36 -86.672253
gain 37 41 -79.328326
gain 37 42 -89.243248
gain 37 43 -68.643243
gain 37 44 -80.284721
gain 37 46 -63.179189
gain 37 47 -64.95027
gain 37 48 -50.552297
gain 37 50 -91.292709
gain 4 5 -82.397427
gain 4 6 -70.187559
gain 4 7 -87.952882
gain 4 10 -71.041266
gain 4 12 -79.347332
gain 4 13 -63.072762
gain 4 14 -88.952431
gain 4 15 -93.362745
gain 4 17 -89.313514
gain 4 22 -71.041441
gain 4 25 -71.881851
gain 4 28 -54.221757
gain 4 29 -74.02762
gain 4 30 -75.491092
gain 4 31 -60.413378
gain 4 32 -80.961347
gain 4 33 -65.566351
gain 4 35 -58.124848
gain 4 36 -73.065654
gain 4 37 -82.819373
gain 4 41 -56.475592
gain 4 42 -69.414611
gain 4 43 -89.887051
gain 4 44 -77.582303
gain 4 46 -79.569853
gain 4 47 -79.764364
gain 4 48 -72.49973
gain 4 50 -78.119739
gain 41 4 -60.767847
gain 41 5 -83.722988
gain 41 6 -79.529804
gain 41 7 -78.450359
gain 41 10 -83.692073
gain 41 12 -76.982616
gain 41 13 -80.630432
gain 41 14 -76.562061
gain 41 15 -92.772727
gain 41 17 -80.047076
gain 41 22 -74.66259
gain 41 25 -81.528425
gain 41 28 -61.728575
gain 41 29 -91.024483
gain 41 30 -73.797498
gain 41 31 -64.178649
gain 41 32 -86.032931
gain 41 33 -57.520135
gain 41 35 -72.392808
gain 41 36 -79.355134
gain 41 37 -80.975566
gain 41 42 -67.515684
gain 41 43 -87.159009
gain 41 44 -67.573868
gain 41 46 -71.24783
gain 41 47 -65.953649
gain 41 48 -67.561622
gain 41 50 -89.457551
gain 42 4 -71.411549
gain 42 5 -70.298969
gain 42 6 -65.652338
gain 42 7 -89.113586
gain 42 10 -70.265773
gain 42 12 -70.719055
gain 42 13 -57.11473
gain 42 14 -89.324563
gain 42 17 -91.969957
gain 42 22 -68.59618
gain 42 25 -77.272976
gain 42 28 -71.583741
gain 42 29 -71.200027
gain 42 30 -57.082568
gain 42 31 -58.493784
gain 42 32 -73.741957
gain 42 33 -84.938475
gain 42 35 -55.157838
gain 42 36 -62.839344
gain 42 37 -89.244942
gain 42 41 -66.411334
gain 42 44 -63.746788
gain 42 46 -87.412119
gain 42 47 -87.217129
gain 42 48 -90.561886
gain 42 50 -67.275498
gain 43 4 -91.4875
gain 43 7 -64.494865
gain 43 12 -90.741662
gain 43 13 -92.0
gain 43 14 -63.625676
gain 43 15 -71.521251
gain 43 17 -68.410857
gain 43 22 -94.0
gain 43 25 -90.513484
gain 43 28 -88.343269
gain 43 30 -93.04334
gain 43 31 -94.0
gain 43 33 -81.555677
gain 43 35 -91.469311
gain 43 36 -93.285714
gain 43 37 -71.583694
gain 43 41 -87.362579
gain 43 44 -91.015663
gain 43 46 -81.939217
gain 43 47 -78.158664
gain 43 48 -76.873445
gain 44 4 -78.956516
gain 44 5 -71.313933
gain 44 6 -61.392485
gain 44 7 -90.860254
gain 44 10 -63.220735
gain 44 12 -57.406892
gain 44 13 -67.522829
gain 44 14 -89.141398
gain 44 17 -92.647059
gain 44 22 -77.466322
gain 44 25 -62.327162
gain 44 28 -68.116658
gain 44 29 -79.948344
gain 44 30 -69.783607
gain 44 31 -63.616081
gain 44 32 -75.171634
gain 44 33 -73.681572
gain 44 35 -68.13834
gain 44 36 -61.415597
gain 44 37 -80.272111
gain 44 41 -66.628777
gain 44 42 -63.938776
gain 44 43 -89.022153
gain 44 46 -87.893594
gain 44 47 -86.434216
gain 44 48 -84.643131
gain 44 50 -60.401
gain 46 4 -81.258045
gain 46 5 -89.209777
gain 46 6 -81.558983
gain 46 7 -79.459632
gain 46 10 -84.622895
gain 46 12 -89.688189
gain 46 13 -87.066581
gain 46 14 -77.734771
gain 46 15 -91.958333
gain 46 17 -84.727964
gain 46 22 -73.443556
gain 46 25 -87.489833
gain 46 28 -65.886062
gain 46 29 -93.941243
gain 46 30 -83.949265
gain 46 31 -79.445518
gain 46 32 -89.012948
gain 46 33 -48.249324
gain 46 35 -84.766935
gain 46 36 -86.885136
gain 46 37 -64.192053
gain 46 41 -70.978974
gain 46 42 -88.660288
gain 46 43 -80.79081
gain 46 44 -89.557404
gain 46 47 -61.709054
gain 46 48 -67.697998
gain 46 50 -87.59082
gain 47 4 -81.409566
gain 47 5 -90.893968
gain 47 6 -89.018051
gain 47 7 -70.237458
gain 47 10 -89.157506
gain 47 12 -87.527409
gain 47 13 -85.544207
gain 47 14 -67.391081
gain 47 15 -89.162485
gain 47 17 -83.772061
gain 47 22 -77.033651
gain 47 25 -85.794567
gain 47 28 -77.490955
gain 47 29 -95.333333
gain 47 30 -76.485563
gain 47 31 -81.997953
gain 47 32 -90.276074
gain 47 33 -60.762973
gain 47 35 -80.149645
gain 47 36 -89.350783
gain 47 37 -65.085541
gain 47 41 -64.959989
gain 47 42 -87.568754
gain 47 43 -76.111622
gain 47 44 -86.657805
gain 47 46 -61.188649
gain 47 48 -56.931486
gain 47 50 -91.104269
gain 48 4 -74.157522
gain 48 5 -91.183109
gain 48 6 -84.167213
gain 48 7 -72.082049
gain 48 10 -84.749715
gain 48 12 -83.703511
gain 48 13 -88.386321
gain 48 14 -74.758961
gain 48 15 -87.006345
gain 48 17 -76.098674
gain 48 22 -85.261821
gain 48 25 -85.420965
gain 48 28 -66.485501
gain 48 29 -95.086819
gain 48 30 -79.643598
gain 48 31 -81.59566
gain 48 32 -90.002561
gain 48 33 -72.537789
gain 48 35 -78.099591
gain 48 36 -83.997231
gain 48 37 -49.732568
gain 48 41 -66.159621
gain 48 42 -91.022581
gain 48 43 -74.787703
gain 48 44 -84.804404
gain 48 46 -66.645253
gain 48 47 -57.38027
gain 48 50 -88.418121
gain 5 4 -83.640486
gain 5 6 -73.87483
gain 5 7 -91.3125
gain 5 10 -70.779026
gain 5 12 -77.310542
gain 5 13 -57.541633
gain 5 14 -91.25
gain 5 17 -91.139872
gain 5 22 -78.511764
gain 5 25 -71.944888
gain 5 28 -81.305436
gain 5 29 -65.534667
gain 5 30 -71.645644
gain 5 31 -81.258788
gain 5 32 -56.857703
gain 5 33 -86.497893
gain 5 35 -63.890663
gain 5 36 -57.008514
gain 5 37 -90.493306
gain 5 41 -82.877764
gain 5 42 -70.546144
gain 5 44 -71.847741
gain 5 46 -88.025316
gain 5 47 -89.429358
gain 5 48 -90.890452
gain 5 50 -62.045405
gain 50 4 -79.736132
gain 50 5 -62.414591
gain 50 6 -58.054595
gain 50 10 -59.042979
gain 50 12 -58.595676
gain 50 13 -71.326033
gain 50 17 -91.533333
gain 50 22 -78.929314
gain 50 25 -56.679189
gain 50 28 -79.484352
gain 50 29 -57.106095
gain 50 30 -75.554117
gain 50 31 -84.541417
gain 50 32 -61.185135
gain 50 33 -87.163775
gain 50 35 -77.032743
gain 50 36 -67.783663
gain 50 37 -91.363789
gain 50 41 -87.879234
gain 50 42 -67.805827
gain 50 44 -60.931081
gain 50 46 -86.95317
gain 50 47 -90.36565
gain 50 48 -88.647964
gain 6 4 -74.892157
gain 6 5 -76.432157
gain 6 10 -60.574189
gain 6 12 -64.878616
gain 6 13 -74.386253
gain 6 17 -92.611336
gain 6 22 -81.905167
gain 6 25 -64.375862
gain 6 28 -77.896858
gain 6 29 -59.742162
gain 6 30 -75.029936
gain 6 31 -68.946706
gain 6 32 -64.266658
gain 6 33 -87.132757
gain 6 35 -73.009508
gain 6 36 -77.200434
gain 6 37 -90.406519
gain 6 41 -81.064878
gain 6 42 -68.158842
gain 6 44 -63.535912
gain 6 46 -83.464847
gain 6 47 -90.686302
gain 6 48 -87.222544
gain 6 50 -61.034189
gain 7 4 -90.015611
gain 7 5 -92.501916
gain 7 6 -90.461538
gain 7 10 -92.0
gain 7 12 -89.416678
gain 7 13 -90.843485
gain 7 14 -57.464324
gain 7 15 -80.46516
gain 7 17 -72.51165
gain 7 22 -90.64261
gain 7 25 -92.85
gain 7 28 -81.658331
gain 7 30 -89.600868
gain 7 31 -88.672682
gain 7 33 -72.711656
gain 7 35 -91.425502
gain 7 36 -91.180182
gain 7 37 -56.126757
gain 7 41 -78.158024
gain 7 42 -90.52381
gain 7 43 -62.722297
gain 7 44 -92.691205
gain 7 46 -79.262702
gain 7 47 -71.397134
gain 7 48 -72.640038
gain 7 50 -93.142857
