gain 10 4 -67.509135
gain 10 5 -65.684381
gain 10 6 -54.890135
gain 10 7 -89.438182
gain 10 12 -55.771216
gain 10 13 -62.401029
gain 10 14 -88.3
gain 10 17 -91.088666
gain 10 22 -79.650131
gain 10 25 -58.586081
gain 10 28 -76.590554
gain 10 29 -60.013108
gain 10 30 -69.185561
gain 10 31 -69.439421
gain 10 32 -58.910946
gain 10 33 -88.429061
gain 10 35 -79.713402
gain 10 36 -67.692944
gain 10 37 -89.820195
gain 10 41 -78.467476
gain 10 42 -65.058346
gain 10 43 -92.0
gain 10 44 -58.130018
gain 10 46 -79.430202
gain 10 47 -85.327352
gain 10 48 -80.841792
gain 10 50 -57.132504
gain 12 4 -74.706676
gain 12 5 -71.189465
gain 12 6 -58.790667
gain 12 7 -82.462337
gain 12 10 -54.787867
gain 12 13 -66.171276
gain 12 14 -83.841866
gain 12 17 -88.400084
gain 12 22 -66.863206
gain 12 25 -46.467067
gain 12 28 -66.959132
gain 12 29 -65.952667
gain 12 30 -67.312826
gain 12 31 -71.399116
gain 12 32 -62.992667
gain 12 33 -72.046806
gain 12 35 -60.821009
gain 12 36 -66.519503
gain 12 37 -84.316209
gain 12 41 -69.45614
gain 12 42 -65.094965
gain 12 43 -82.702284
gain 12 44 -51.379867
gain 12 46 -83.449538
gain 12 47 -81.298651
gain 12 48 -78.361611
gain 12 50 -54.9448
gain 13 4 -59.997973
gain 13 5 -54.904447
gain 13 6 -66.403245
gain 13 7 -86.87104
gain 13 10 -62.300946
gain 13 12 -66.919584
gain 13 14 -89.441134
gain 13 15 -92.787806
gain 13 17 -85.445276
gain 13 22 -71.055646
gain 13 25 -56.728514
gain 13 28 -74.386481
gain 13 29 -65.254459
gain 13 30 -66.082543
gain 13 31 -58.350946
gain 13 32 -60.041622
gain 13 33 -72.954945
gain 13 35 -57.242195
gain 13 36 -55.436757
gain 13 37 -86.387782
gain 13 41 -75.165146
gain 13 42 -51.617838
gain 13 43 -90.026311
gain 13 44 -62.621147
gain 13 46 -81.75042
gain 13 47 -80.895711
gain 13 48 -85.701744
gain 13 50 -65.500406
gain 14 4 -87.628725
gain 14 5 -91.04576
gain 14 6 -89.941074
gain 14 7 -52.916892
gain 14 10 -89.108228
gain 14 12 -85.687142
gain 14 13 -90.154392
gain 14 15 -62.093514
gain 14 17 -57.292027
gain 14 22 -90.220387
gain 14 25 -89.392688
gain 14 28 -83.719344
gain 14 29 -93.403874
gain 14 30 -83.415404
gain 14 31 -90.596556
gain 14 33 -76.265433
gain 14 35 -90.763564
gain 14 36 -89.250107
gain 14 37 -63.844324
gain 14 41 -70.168204
gain 14 42 -86.97975
gain 14 43 -57.379054
gain 14 44 -85.408241
gain 14 46 -72.132729
gain 14 47 -63.145946
gain 14 48 -69.850135
gain 14 50 -92.108108
gain 15 4 -88.407783
gain 15 7 -67.993241
gain 15 10 -91.311331
gain 15 12 -92.393801
gain 15 13 -87.054441
gain 15 14 -57.663649
gain 15 17 -57.429595
gain 15 22 -92.55126
gain 15 25 -92.465424
gain 15 28 -77.364788
gain 15 29 -95.680412
gain 15 30 -88.034478
gain 15 31 -92.25109
gain 15 33 -82.748746
gain 15 35 -90.476578
gain 15 36 -91.784314
gain 15 37 -76.936856
gain 15 41 -86.838536
gain 15 42 -90.540976
gain 15 43 -57.762162
gain 15 44 -92.591334
gain 15 46 -85.107405
gain 15 47 -77.690415
gain 15 48 -75.391534
gain 17 4 -87.000647
gain 17 5 -86.625326
gain 17 6 -88.453528
gain 17 7 -66.041363
gain 17 10 -90.270749
gain 17 12 -89.122696
gain 17 13 -84.644713
gain 17 14 -55.904054
gain 17 15 -63.100541
gain 17 22 -80.572248
gain 17 25 -88.406634
gain 17 28 -77.589905
gain 17 29 -92.134468
gain 17 30 -84.369026
gain 17 31 -84.369407
gain 17 32 -90.1
gain 17 33 -63.126486
gain 17 35 -83.649286
gain 17 36 -90.747498
gain 17 37 -63.31261
gain 17 41 -73.431186
gain 17 42 -90.069567
gain 17 43 -60.302473
gain 17 44 -91.394904
gain 17 46 -79.192404
gain 17 47 -78.897264
gain 17 48 -70.174642
gain 17 50 -91.04628
gain 22 4 -64.124273
gain 22 5 -69.88065
gain 22 6 -71.106104
gain 22 7 -82.560073
gain 22 10 -76.159492
gain 22 12 -64.441141
gain 22 13 -67.157338
gain 22 14 -86.295629
gain 22 15 -91.78169
gain 22 17 -78.187093
gain 22 25 -65.066099
gain 22 28 -58.007297
gain 22 29 -65.884189
gain 22 30 -54.817432
gain 22 31 -61.887688
gain 22 32 -69.361829
gain 22 33 -64.156622
gain 22 35 -53.554324
gain 22 36 -67.068074
gain 22 37 -79.461048
gain 22 41 -64.922504
gain 22 42 -60.449446
gain 22 43 -88.732802
gain 22 44 -68.567377
gain 22 46 -63.510676
gain 22 47 -68.184189
gain 22 48 -78.483973
gain 22 50 -70.020831
gain 25 4 -66.266207
gain 25 5 -64.945767
gain 25 6 -57.344189
gain 25 7 -88.410276
gain 25 10 -59.051757
gain 25 12 -45.563455
gain 25 13 -57.266486
gain 25 14 -86.633571
gain 25 17 -87.250396
gain 25 22 -66.442235
gain 25 28 -62.569668
gain 25 29 -57.123784
gain 25 30 -64.873123
gain 25 31 -73.654826
gain 25 32 -67.399108
gain 25 33 -69.445721
gain 25 35 -69.02369
gain 25 36 -64.945708
gain 25 37 -73.824865
gain 25 41 -74.260201
gain 25 42 -70.342733
gain 25 43 -81.905517
gain 25 44 -56.426486
gain 25 46 -80.039016
gain 25 47 -79.370009
gain 25 48 -79.018301
gain 25 50 -49.735541
gain 28 4 -49.770946
gain 28 5 -76.148606
gain 28 6 -68.879951
gain 28 7 -76.331077
gain 28 10 -75.357473
gain 28 12 -67.637507
gain 28 13 -73.531013
gain 28 14 -82.525153
gain 28 15 -83.261222
gain 28 17 -77.554006
gain 28 22 -56.63441
gain 28 25 -63.251622
gain 28 29 -77.251357
gain 28 30 -68.127622
gain 28 31 -58.273378
gain 28 32 -80.358885
gain 28 33 -69.286653
gain 28 35 -66.449175
gain 28 36 -75.884229
gain 28 37 -62.151622
gain 28 41 -57.073533
gain 28 42 -65.930078
gain 28 43 -81.625949
gain 28 44 -62.511486
gain 28 46 -59.434595
gain 28 47 -71.738578
gain 28 48 -61.084324
gain 28 50 -73.63415
gain 29 4 -64.713493
gain 29 5 -57.217027
gain 29 6 -47.782432
gain 29 7 -89.632017
gain 29 10 -56.609459
gain 29 12 -61.352162
gain 29 13 -59.675635
gain 29 14 -87.391154
gain 29 17 -87.38838
gain 29 22 -64.062855
gain 29 25 -56.027162
gain 29 28 -72.35063
gain 29 30 -72.803916
gain 29 31 -71.246171
gain 29 32 -42.924459
gain 29 33 -81.122236
gain 29 35 -62.22595
gain 29 36 -61.096835
gain 29 37 -87.441789
gain 29 41 -79.745317
gain 29 42 -60.621603
gain 29 43 -89.873914
gain 29 44 -69.28777
gain 29 46 -85.567788
gain 29 47 -88.978353
gain 29 48 -87.330235
gain 29 50 -48.202054
gain 30 4 -68.198481
gain 30 5 -62.966874
gain 30 6 -63.555
gain 30 7 -80.968564
gain 30 10 -65.315811
gain 30 12 -65.131657
gain 30 13 -62.705444
gain 30 14 -79.685594
gain 30 15 -90.831572
gain 30 17 -81.45002
gain 30 22 -54.690405
gain 30 25 -63.42973
gain 30 28 -65.909966
gain 30 29 -74.716418
gain 30 31 -57.893108
gain 30 32 -64.477091
gain 30 33 -74.314484
gain 30 35 -41.092027
gain 30 36 -64.042513
gain 30 37 -68.739559
gain 30 41 -63.538076
gain 30 42 -49.936757
gain 30 43 -87.230073
gain 30 44 -61.562965
gain 30 46 -75.253826
gain 30 47 -67.682568
gain 30 48 -71.760914
gain 30 50 -66.319459
gain 31 4 -57.665067
gain 31 5 -74.286342
gain 31 6 -60.062933
gain 31 7 -80.615415
gain 31 10 -67.092595
gain 31 12 -70.360273
gain 31 13 -57.381568
gain 31 14 -87.399014
gain 31 15 -93.333333
gain 31 17 -82.956551
gain 31 22 -63.649319
gain 31 25 -73.209827
gain 31 28 -57.607576
gain 31 29 -75.017766
gain 31 30 -59.867849
gain 31 32 -64.223067
gain 31 33 -71.238533
gain 31 35 -52.308267
gain 31 36 -68.594205
gain 31 37 -71.874883
gain 31 41 -57.060715
gain 31 42 -54.7192
gain 31 43 -89.975265
gain 31 44 -56.8028
gain 31 46 -71.459912
gain 31 47 -75.665778
gain 31 48 -75.288539
gain 31 50 -77.989832
gain 32 4 -78.721452
gain 32 5 -51.981892
gain 32 6 -58.89473
gain 32 10 -58.401216
gain 32 12 -64.423919
gain 32 13 -58.824087
gain 32 17 -91.606205
gain 32 22 -73.606251
gain 32 25 -69.681449
gain 32 28 -81.790802
gain 32 29 -48.627973
gain 32 30 -68.435532
gain 32 31 -66.558155
gain 32 33 -78.349239
gain 32 35 -61.134298
gain 32 36 -68.233161
gain 32 37 -91.03856
gain 32 41 -82.075538
gain 32 42 -69.166802
gain 32 43 -92.0
gain 32 44 -70.725695
gain 32 46 -84.952031
gain 32 47 -89.50536
gain 32 48 -88.264379
gain 32 50 -58.082432
gain 33 4 -63.314081
gain 33 5 -82.746077
gain 33 6 -80.374131
gain 33 7 -67.094595
gain 33 10 -88.276981
gain 33 12 -73.818169
gain 33 13 -73.66952
gain 33 14 -76.800901
gain 33 15 -88.839078
gain 33 17 -64.245811
gain 33 22 -68.240931
gain 33 25 -72.952723
gain 33 28 -71.152064
gain 33 29 -88.125936
gain 33 30 -78.172278
gain 33 31 -74.243511
gain 33 32 -78.741848
gain 33 35 -66.413055
gain 33 36 -83.644911
gain 33 37 -66.869054
gain 33 41 -52.912973
gain 33 42 -81.442909
gain 33 43 -75.3787
gain 33 44 -68.760033
gain 33 46 -41.493649
gain 33 47 -56.480676
gain 33 48 -68.643949
gain 33 50 -83.2312
gain 35 4 -57.610676
gain 35 5 -58.156237
gain 35 6 -64.076497
gain 35 7 -86.059482
gain 35 10 -78.22291
gain 35 12 -61.108243
gain 35 13 -57.192297
gain 35 14 -88.272787
gain 35 15 -92.913265
gain 35 17 -83.216257
gain 35 22 -55.939865
gain 35 25 -70.376164
gain 35 28 -66.237734
gain 35 29 -66.802487
gain 35 30 -43.477703
gain 35 31 -52.972834
gain 35 32 -58.969054
gain 35 33 -64.600541
gain 35 36 -62.399676
gain 35 37 -74.063649
gain 35 41 -64.961226
gain 35 42 -47.937568
gain 35 43 -84.323167
gain 35 44 -62.354468
gain 35 46 -78.113403
gain 35 47 -74.920395
gain 35 48 -72.02501
gain 35 50 -71.839237
gain 36 4 -67.535328
gain 36 5 -49.062568
gain 36 6 -67.584043
gain 36 7 -84.881982
gain 36 10 -65.600816
gain 36 12 -65.903178
gain 36 13 -53.336081
gain 36 14 -86.041436
gain 36 17 -89.93777
gain 36 22 -69.427223
gain 36 25 -65.477377
gain 36 28 -74.988139
gain 36 29 -65.208311
gain 36 30 -65.585749
gain 36 31 -68.420192
gain 36 32 -65.700149
gain 36 33 -81.2033
gain 36 35 -61.551454
gain 36 37 -79.901126
gain 36 41 -70.883279
gain 36 42 -58.41997
gain 36 43 -89.705535
gain 36 44 -56.837973
gain 36 46 -80.558104
gain 36 47 -87.095026
gain 36 48 -77.856363
gain 36 50 -60.927963
gain 37 4 -78.746648
gain 37 5 -84.504304
gain 37 6 -84.563824
gain 37 7 -53.072027
gain 37 10 -88.46626
gain 37 12 -84.12152
gain 37 13 -84.171515
gain 37 14 -61.781592
gain 37 15 -81.927736
gain 37 17 -62.883649
gain 37 22 -81.988
gain 37 25 -74.230978
gain 37 28 -61.824469
gain 37 29 -91.50525
gain 37 30 -70.877976
gain 37 31 -72.390581
gain 37 32 -88.859916
gain 37 33 -64.40603
gain 37 35 -73.486049
gain 37 36 -80.270112
gain 37 41 -72.769178
gain 37 42 -84.190104
gain 37 43 -62.718573
gain 37 44 -74.581579
gain 37 46 -56.829459
gain 37 47 -58.454324
gain 37 48 -42.923784
gain 37 50 -88.406621
gain 4 5 -77.467646
gain 4 6 -64.829051
gain 4 7 -82.960612
gain 4 10 -65.242502
gain 4 12 -72.585606
gain 4 13 -57.50086
gain 4 14 -84.497839
gain 4 15 -91.01671
gain 4 17 -84.401713
gain 4 22 -65.557036
gain 4 25 -66.279096
gain 4 28 -46.794232
gain 4 29 -68.44752
gain 4 30 -70.318772
gain 4 31 -57.766026
gain 4 32 -76.841974
gain 4 33 -60.64956
gain 4 35 -56.10456
gain 4 36 -67.444762
gain 4 37 -77.778694
gain 4 41 -55.464304
gain 4 42 -64.247429
gain 4 43 -85.226298
gain 4 44 -72.498614
gain 4 46 -74.972542
gain 4 47 -75.086431
gain 4 48 -66.644986
gain 4 50 -72.44246
gain 41 4 -58.060676
gain 41 5 -77.824762
gain 41 6 -73.082893
gain 41 7 -71.981076
gain 41 10 -78.453436
gain 41 12 -70.605199
gain 41 13 -74.889327
gain 41 14 -69.296757
gain 41 15 -91.877538
gain 41 17 -74.053414
gain 41 22 -67.638407
gain 41 25 -75.69577
gain 41 28 -57.594324
gain 41 29 -85.210663
gain 41 30 -67.080619
gain 41 31 -58.119595
gain 41 32 -81.687408
gain 41 33 -52.490405
gain 41 35 -65.770607
gain 41 36 -72.992249
gain 41 37 -74.839924
gain 41 42 -61.816732
gain 41 43 -82.115145
gain 41 44 -61.65562
gain 41 46 -65.213261
gain 41 47 -60.437838
gain 41 48 -61.590946
gain 41 50 -84.498175
gain 42 4 -64.855945
gain 42 5 -63.884803
gain 42 6 -59.087703
gain 42 7 -83.797938
gain 42 10 -63.835046
gain 42 12 -64.414064
gain 42 13 -49.361081
gain 42 14 -84.25194
gain 42 15 -93.149644
gain 42 17 -88.935798
gain 42 22 -62.316295
gain 42 25 -70.595802
gain 42 28 -65.136604
gain 42 29 -64.514865
gain 42 30 -52.133514
gain 42 31 -55.071766
gain 42 32 -66.775654
gain 42 33 -79.01177
gain 42 35 -46.936343
gain 42 36 -58.51456
gain 42 37 -83.728937
gain 42 41 -60.395642
gain 42 43 -91.349869
gain 42 44 -57.651351
gain 42 46 -81.570464
gain 42 47 -81.143071
gain 42 48 -86.380816
gain 42 50 -61.403219
gain 43 4 -88.78032
gain 43 5 -92.607143
gain 43 6 -88.962288
gain 43 7 -57.869054
gain 43 10 -91.304348
gain 43 12 -84.565793
gain 43 13 -90.322371
gain 43 14 -57.272469
gain 43 15 -64.886201
gain 43 17 -62.545209
gain 43 22 -91.977778
gain 43 25 -84.266567
gain 43 28 -82.816651
gain 43 29 -95.069091
gain 43 30 -91.100087
gain 43 31 -92.530314
gain 43 33 -75.631101
gain 43 35 -86.589221
gain 43 36 -91.459974
gain 43 37 -64.947568
gain 43 41 -82.846002
gain 43 42 -92.42378
gain 43 44 -85.054531
gain 43 46 -76.127307
gain 43 47 -71.267568
gain 43 48 -70.075676
gain 43 50 -91.456077
gain 44 4 -72.970196
gain 44 5 -64.866171
gain 44 6 -58.214083
gain 44 7 -88.160245
gain 44 10 -56.529189
gain 44 12 -51.536081
gain 44 13 -61.631593
gain 44 14 -83.268876
gain 44 15 -93.4
gain 44 17 -90.389554
gain 44 22 -70.545615
gain 44 25 -56.91973
gain 44 28 -62.318311
gain 44 29 -73.868799
gain 44 30 -63.715097
gain 44 31 -57.474459
gain 44 32 -68.780827
gain 44 33 -66.704595
gain 44 35 -62.092733
gain 44 36 -57.029595
gain 44 37 -74.57257
gain 44 41 -60.575909
gain 44 42 -57.424496
gain 44 43 -82.863322
gain 44 46 -82.779113
gain 44 47 -80.204573
gain 44 48 -78.669423
gain 44 50 -56.265576
gain 46 4 -76.169066
gain 46 5 -85.349905
gain 46 6 -75.916282
gain 46 7 -73.321699
gain 46 10 -78.95664
gain 46 12 -85.563242
gain 46 13 -81.219317
gain 46 14 -70.81657
gain 46 15 -90.276212
gain 46 17 -80.651739
gain 46 22 -66.456416
gain 46 25 -81.400327
gain 46 28 -59.64279
gain 46 29 -90.777728
gain 46 30 -78.002322
gain 46 31 -73.453081
gain 46 32 -83.804239
gain 46 33 -40.799189
gain 46 35 -78.887866
gain 46 36 -81.848182
gain 46 37 -57.690676
gain 46 41 -65.014088
gain 46 42 -82.744082
gain 46 43 -75.015044
gain 46 44 -84.227693
gain 46 47 -58.328649
gain 46 48 -61.618597
gain 46 50 -81.325158
gain 47 4 -75.772214
gain 47 5 -88.310542
gain 47 6 -83.875159
gain 47 7 -64.39027
gain 47 10 -84.531083
gain 47 12 -81.052459
gain 47 13 -79.750068
gain 47 14 -61.834189
gain 47 15 -82.977963
gain 47 17 -78.508315
gain 47 22 -70.403938
gain 47 25 -79.598641
gain 47 28 -71.313054
gain 47 29 -93.359577
gain 47 30 -69.933071
gain 47 31 -76.192004
gain 47 32 -87.485476
gain 47 33 -57.411216
gain 47 35 -74.265498
gain 47 36 -87.722861
gain 47 37 -58.779054
gain 47 41 -58.250102
gain 47 42 -81.270028
gain 47 43 -68.753378
gain 47 44 -80.282558
gain 47 46 -58.008378
gain 47 48 -52.123514
gain 47 50 -86.324505
gain 48 4 -67.040125
gain 48 5 -89.269576
gain 48 6 -78.166893
gain 48 7 -65.58562
gain 48 10 -79.040049
gain 48 12 -77.629736
gain 48 13 -83.890262
gain 48 14 -67.375811
gain 48 15 -80.562093
gain 48 17 -69.329458
gain 48 22 -80.09463
gain 48 25 -79.303773
gain 48 28 -60.63715
gain 48 29 -91.507888
gain 48 30 -73.648829
gain 48 31 -75.584002
gain 48 32 -85.765848
gain 48 33 -66.399675
gain 48 35 -71.780829
gain 48 36 -78.196918
gain 48 37 -42.830676
gain 48 41 -60.168245
gain 48 42 -86.737224
gain 48 43 -67.352432
gain 48 44 -78.63206
gain 48 46 -60.762973
gain 48 47 -52.056081
gain 48 50 -83.294073
gain 5 4 -77.607969
gain 5 6 -67.385302
gain 5 7 -89.055413
gain 5 10 -64.117432
gain 5 12 -70.734364
gain 5 13 -53.897162
gain 5 14 -89.180244
gain 5 17 -86.069458
gain 5 22 -72.19544
gain 5 25 -65.287008
gain 5 28 -75.235166
gain 5 29 -59.233243
gain 5 30 -65.086933
gain 5 31 -74.791763
gain 5 32 -48.956081
gain 5 33 -80.574092
gain 5 35 -57.966351
gain 5 36 -49.618378
gain 5 37 -84.671214
gain 5 41 -77.169233
gain 5 42 -64.296186
gain 5 43 -91.295455
gain 5 44 -65.35213
gain 5 46 -83.877436
gain 5 47 -88.123694
gain 5 48 -89.504069
gain 5 50 -57.453243
gain 50 4 -74.027237
gain 50 5 -57.470326
gain 50 6 -55.598243
gain 50 7 -90.341493
gain 50 10 -56.149189
gain 50 12 -54.963108
gain 50 13 -64.923453
gain 50 14 -89.666667
gain 50 17 -90.806266
gain 50 22 -72.720402
gain 50 25 -51.113784
gain 50 28 -73.272616
gain 50 29 -52.844189
gain 50 30 -68.989164
gain 50 31 -79.166098
gain 50 32 -57.580135
gain 50 33 -81.16451
gain 50 35 -71.331616
gain 50 36 -61.773391
gain 50 37 -88.629846
gain 50 41 -83.231846
gain 50 42 -61.69288
gain 50 43 -90.005041
gain 50 44 -56.166757
gain 50 46 -80.791257
gain 50 47 -86.629564
gain 50 48 -83.689307
gain 6 4 -67.826493
gain 6 5 -69.683525
gain 6 7 -90.020167
gain 6 10 -55.605
gain 6 12 -58.788243
gain 6 13 -67.332565
gain 6 14 -89.891852
gain 6 17 -90.111505
gain 6 22 -75.61551
gain 6 25 -58.147973
gain 6 28 -70.956823
gain 6 29 -54.6691
gain 6 30 -68.147314
gain 6 31 -62.667432
gain 6 32 -58.745405
gain 6 33 -80.659894
gain 6 35 -66.071612
gain 6 36 -70.493026
gain 6 37 -86.783979
gain 6 41 -74.69145
gain 6 42 -62.194459
gain 6 43 -89.594756
gain 6 44 -57.785946
gain 6 46 -77.429172
gain 6 47 -86.537127
gain 6 48 -80.707244
gain 6 50 -57.225405
gain 7 4 -85.947923
gain 7 5 -90.603038
gain 7 6 -89.236418
gain 7 10 -89.701723
gain 7 12 -82.874454
gain 7 13 -86.956354
gain 7 14 -51.495541
gain 7 15 -74.737831
gain 7 17 -65.900892
gain 7 22 -85.478433
gain 7 25 -90.530015
gain 7 28 -76.472923
gain 7 29 -94.70101
gain 7 30 -83.34184
gain 7 31 -81.983781
gain 7 32 -91.5
gain 7 33 -66.095837
gain 7 35 -87.390287
gain 7 36 -86.294721
gain 7 37 -53.659189
gain 7 41 -71.594818
gain 7 42 -84.985355
gain 7 43 -57.318378
gain 7 44 -90.032499
gain 7 46 -73.066946
gain 7 47 -64.946081
gain 7 48 -66.020405
gain 7 50 -91.423469
