gain 10 4 -69.4346
gain 10 5 -67.368236
gain 10 6 -57.412027
gain 10 7 -89.885733
gain 10 12 -57.196486
gain 10 13 -63.936772
gain 10 14 -89.348222
gain 10 17 -91.603086
gain 10 22 -81.373385
gain 10 25 -61.221216
gain 10 28 -78.407823
gain 10 29 -61.626351
gain 10 30 -71.066667
gain 10 31 -71.068573
gain 10 32 -59.572239
gain 10 33 -89.295114
gain 10 35 -80.988956
gain 10 36 -69.510171
gain 10 37 -90.807169
gain 10 41 -79.868701
gain 10 42 -66.855885
gain 10 44 -60.308649
gain 10 46 -81.086157
gain 10 47 -86.745874
gain 10 48 -82.505897
gain 10 50 -57.629139
gain 12 4 -76.375556
gain 12 5 -73.217385
gain 12 6 -59.060267
gain 12 7 -84.003662
gain 12 10 -56.625333
gain 12 13 -67.689124
gain 12 14 -85.425235
gain 12 17 -89.73177
gain 12 22 -68.536784
gain 12 25 -48.787067
gain 12 28 -68.632456
gain 12 29 -67.6504
gain 12 30 -68.970111
gain 12 31 -73.418408
gain 12 32 -64.84798
gain 12 33 -73.884112
gain 12 35 -62.518845
gain 12 36 -68.199465
gain 12 37 -85.900954
gain 12 41 -71.209334
gain 12 42 -66.732994
gain 12 43 -84.351768
gain 12 44 -53.549733
gain 12 46 -84.379517
gain 12 47 -83.004677
gain 12 48 -79.98477
gain 12 50 -57.239333
gain 13 4 -61.612794
gain 13 5 -56.509054
gain 13 6 -67.895506
gain 13 7 -88.074087
gain 13 10 -63.768482
gain 13 12 -68.798837
gain 13 14 -90.006698
gain 13 15 -93.531469
gain 13 17 -87.172882
gain 13 22 -72.443064
gain 13 25 -57.969459
gain 13 28 -76.236846
gain 13 29 -67.034208
gain 13 30 -67.874238
gain 13 31 -60.763243
gain 13 32 -60.509595
gain 13 33 -74.674125
gain 13 35 -59.373919
gain 13 36 -56.548121
gain 13 37 -87.574611
gain 13 41 -76.629109
gain 13 42 -53.341081
gain 13 43 -90.621731
gain 13 44 -64.0826
gain 13 46 -83.302507
gain 13 47 -82.508719
gain 13 48 -86.81763
gain 13 50 -67.054947
gain 14 4 -89.002706
gain 14 5 -91.730362
gain 14 6 -90.589435
gain 14 7 -54.922297
gain 14 10 -90.036845
gain 14 12 -87.668127
gain 14 13 -90.827987
gain 14 15 -63.699324
gain 14 17 -57.273649
gain 14 22 -90.980638
gain 14 25 -90.251823
gain 14 28 -85.184979
gain 14 29 -94.44331
gain 14 30 -85.152663
gain 14 31 -91.726825
gain 14 33 -77.774472
gain 14 35 -91.243976
gain 14 36 -90.364883
gain 14 37 -65.439865
gain 14 41 -72.142489
gain 14 42 -88.426682
gain 14 43 -58.524459
gain 14 44 -87.485363
gain 14 46 -74.010973
gain 14 47 -64.65973
gain 14 48 -71.671622
gain 14 50 -93.25
gain 15 4 -89.652251
gain 15 7 -69.656529
gain 15 10 -92.127517
gain 15 12 -92.815887
gain 15 13 -88.715268
gain 15 14 -55.897838
gain 15 17 -57.769595
gain 15 22 -92.726526
gain 15 25 -93.216152
gain 15 28 -78.842041
gain 15 29 -96.0375
gain 15 30 -89.617338
gain 15 31 -93.03257
gain 15 33 -84.25167
gain 15 35 -91.055363
gain 15 36 -92.195122
gain 15 37 -78.417866
gain 15 41 -87.975725
gain 15 42 -91.628264
gain 15 43 -58.055946
gain 15 44 -92.895093
gain 15 46 -86.497319
gain 15 47 -79.230103
gain 15 48 -77.132494
gain 17 4 -88.042425
gain 17 5 -88.42145
gain 17 6 -89.262338
gain 17 7 -67.899419
gain 17 10 -90.855343
gain 17 12 -90.354671
gain 17 13 -86.395039
gain 17 14 -57.266793
gain 17 15 -64.727973
gain 17 22 -82.226415
gain 17 25 -89.707982
gain 17 28 -79.067413
gain 17 29 -93.38476
gain 17 30 -86.336309
gain 17 31 -86.298342
gain 17 32 -90.630137
gain 17 33 -64.634459
gain 17 35 -85.484626
gain 17 36 -91.418127
gain 17 37 -64.929044
gain 17 41 -75.409468
gain 17 42 -90.958512
gain 17 43 -62.216081
gain 17 44 -92.166667
gain 17 46 -80.328238
gain 17 47 -80.384232
gain 17 48 -72.076227
gain 17 50 -91.602624
gain 22 4 -65.645244
gain 22 5 -71.537961
gain 22 6 -72.945378
gain 22 7 -83.845777
gain 22 10 -78.027823
gain 22 12 -66.028255
gain 22 13 -68.7363
gain 22 14 -87.209651
gain 22 15 -92.477612
gain 22 17 -79.559756
gain 22 25 -66.66545
gain 22 28 -57.456954
gain 22 29 -67.691486
gain 22 30 -55.597568
gain 22 31 -63.624848
gain 22 32 -71.21533
gain 22 33 -65.790676
gain 22 35 -55.309636
gain 22 36 -69.020712
gain 22 37 -81.096953
gain 22 41 -66.467895
gain 22 42 -62.289267
gain 22 43 -89.794851
gain 22 44 -70.506687
gain 22 46 -64.909324
gain 22 47 -69.968919
gain 22 48 -79.920722
gain 22 50 -72.034665
gain 25 4 -67.996339
gain 25 5 -66.577011
gain 25 6 -57.196919
gain 25 7 -89.18705
gain 25 10 -59.042703
gain 25 12 -47.67
gain 25 13 -57.483378
gain 25 14 -87.957577
gain 25 17 -88.787496
gain 25 22 -68.33907
gain 25 28 -64.123917
gain 25 29 -59.017162
gain 25 30 -66.545467
gain 25 31 -75.487549
gain 25 32 -69.14891
gain 25 33 -71.550189
gain 25 35 -70.743747
gain 25 36 -66.598429
gain 25 37 -75.411709
gain 25 41 -76.165373
gain 25 42 -72.398345
gain 25 43 -83.54522
gain 25 44 -58.29085
gain 25 46 -81.639492
gain 25 47 -81.006092
gain 25 48 -80.588316
gain 25 50 -52.152297
gain 28 4 -50.916351
gain 28 5 -77.569605
gain 28 6 -70.547142
gain 28 7 -77.629194
gain 28 10 -77.047217
gain 28 12 -69.142258
gain 28 13 -75.157502
gain 28 14 -84.096218
gain 28 15 -85.045418
gain 28 17 -79.031996
gain 28 22 -59.153649
gain 28 25 -64.861197
gain 28 29 -79.005435
gain 28 30 -69.820968
gain 28 31 -55.443709
gain 28 32 -81.737942
gain 28 33 -71.110086
gain 28 35 -68.083604
gain 28 36 -77.406844
gain 28 37 -63.823919
gain 28 41 -58.405109
gain 28 42 -67.489376
gain 28 43 -83.25845
gain 28 44 -64.042484
gain 28 46 -61.243649
gain 28 47 -73.190019
gain 28 48 -62.548784
gain 28 50 -75.404688
gain 29 4 -66.130617
gain 29 5 -57.623919
gain 29 6 -50.464459
gain 29 7 -90.693333
gain 29 10 -55.803784
gain 29 12 -62.898919
gain 29 13 -61.835409
gain 29 14 -88.73715
gain 29 17 -88.981968
gain 29 22 -65.611645
gain 29 25 -56.621216
gain 29 28 -74.011295
gain 29 30 -74.234558
gain 29 31 -73.197561
gain 29 32 -44.282065
gain 29 33 -82.745237
gain 29 35 -63.768514
gain 29 36 -62.805954
gain 29 37 -88.787818
gain 29 41 -81.284662
gain 29 42 -62.29574
gain 29 43 -90.657895
gain 29 44 -70.985741
gain 29 46 -86.711645
gain 29 47 -89.677668
gain 29 48 -88.87063
gain 29 50 -50.322297
gain 30 4 -70.121204
gain 30 5 -64.715986
gain 30 6 -65.102692
gain 30 7 -82.282965
gain 30 10 -67.009736
gain 30 12 -66.692266
gain 30 13 -64.334101
gain 30 14 -81.078751
gain 30 15 -91.816066
gain 30 17 -82.922623
gain 30 22 -55.561081
gain 30 25 -64.973104
gain 30 28 -67.271421
gain 30 29 -76.660085
gain 30 31 -59.821892
gain 30 32 -65.908636
gain 30 33 -76.038356
gain 30 35 -42.828784
gain 30 36 -65.493769
gain 30 37 -70.437686
gain 30 41 -65.086249
gain 30 42 -51.943243
gain 30 43 -88.328041
gain 30 44 -63.20422
gain 30 46 -76.970974
gain 30 47 -69.413816
gain 30 48 -73.449973
gain 30 50 -67.800514
gain 31 4 -55.558533
gain 31 5 -76.392393
gain 31 6 -61.679867
gain 31 7 -82.133547
gain 31 10 -69.130371
gain 31 12 -72.302621
gain 31 13 -57.949046
gain 31 14 -88.595225
gain 31 17 -84.686915
gain 31 22 -65.245893
gain 31 25 -74.866613
gain 31 28 -58.530024
gain 31 29 -76.654093
gain 31 30 -61.460574
gain 31 32 -65.734792
gain 31 33 -73.18058
gain 31 35 -54.2084
gain 31 36 -70.305541
gain 31 37 -73.744499
gain 31 41 -57.445186
gain 31 42 -56.336845
gain 31 43 -90.478107
gain 31 44 -58.815067
gain 31 46 -73.589076
gain 31 47 -77.152841
gain 31 48 -76.908848
gain 31 50 -80.111127
gain 32 4 -80.524673
gain 32 5 -53.874324
gain 32 6 -59.157838
gain 32 10 -58.193514
gain 32 12 -66.336757
gain 32 13 -61.419067
gain 32 17 -92.210526
gain 32 22 -75.180529
gain 32 25 -71.493438
gain 32 28 -83.05546
gain 32 29 -52.274459
gain 32 30 -70.185386
gain 32 31 -68.288149
gain 32 33 -79.94056
gain 32 35 -62.683306
gain 32 36 -70.096564
gain 32 37 -91.676409
gain 32 41 -83.292196
gain 32 42 -71.223427
gain 32 44 -72.755531
gain 32 46 -86.666013
gain 32 47 -90.365482
gain 32 48 -89.657899
gain 32 50 -57.438784
gain 33 4 -64.724679
gain 33 5 -84.439198
gain 33 6 -81.90308
gain 33 7 -68.929035
gain 33 10 -88.980651
gain 33 12 -75.403208
gain 33 13 -75.35692
gain 33 14 -78.24976
gain 33 15 -89.823031
gain 33 17 -65.768347
gain 33 22 -69.974133
gain 33 25 -74.444775
gain 33 28 -73.056839
gain 33 29 -89.691773
gain 33 30 -79.896261
gain 33 31 -75.729028
gain 33 32 -80.276489
gain 33 35 -68.167661
gain 33 36 -85.109052
gain 33 37 -68.619965
gain 33 41 -55.017432
gain 33 42 -83.050373
gain 33 43 -77.067838
gain 33 44 -70.662781
gain 33 46 -43.26027
gain 33 47 -57.242568
gain 33 48 -70.554307
gain 33 50 -84.868255
gain 35 4 -56.673064
gain 35 5 -59.243444
gain 35 6 -65.822249
gain 35 7 -87.433002
gain 35 10 -79.333068
gain 35 12 -62.762297
gain 35 13 -58.137623
gain 35 14 -89.250266
gain 35 15 -93.90411
gain 35 17 -84.938068
gain 35 22 -56.937162
gain 35 25 -72.245819
gain 35 28 -67.949769
gain 35 29 -68.364485
gain 35 30 -45.317838
gain 35 31 -55.061757
gain 35 32 -61.218378
gain 35 33 -66.320043
gain 35 36 -63.961986
gain 35 37 -75.704745
gain 35 41 -66.616178
gain 35 42 -50.761081
gain 35 43 -85.911899
gain 35 44 -64.051036
gain 35 46 -79.604947
gain 35 47 -76.460676
gain 35 48 -74.050852
gain 35 50 -73.147944
gain 36 4 -69.409208
gain 36 5 -50.990539
gain 36 6 -69.328059
gain 36 7 -86.364548
gain 36 10 -67.267064
gain 36 12 -67.476615
gain 36 13 -55.574132
gain 36 14 -87.690432
gain 36 17 -90.861367
gain 36 22 -71.153169
gain 36 25 -66.864423
gain 36 28 -76.740538
gain 36 29 -66.866035
gain 36 30 -67.338764
gain 36 31 -70.438592
gain 36 32 -67.585442
gain 36 33 -82.651327
gain 36 35 -63.234172
gain 36 37 -81.658752
gain 36 41 -72.875611
gain 36 42 -58.815362
gain 36 43 -90.377143
gain 36 44 -57.922016
gain 36 46 -81.586107
gain 36 47 -87.800284
gain 36 48 -79.487155
gain 36 50 -62.549263
gain 37 4 -80.186537
gain 37 5 -86.313787
gain 37 6 -85.597708
gain 37 7 -54.881351
gain 37 10 -89.552964
gain 37 12 -85.685175
gain 37 13 -85.418711
gain 37 14 -63.447358
gain 37 15 -83.544464
gain 37 17 -64.262774
gain 37 22 -83.526962
gain 37 25 -75.660347
gain 37 28 -63.170956
gain 37 29 -92.490693
gain 37 30 -73.061472
gain 37 31 -74.240547
gain 37 32 -89.611776
gain 37 33 -66.101583
gain 37 35 -75.128013
gain 37 36 -81.963034
gain 37 41 -74.701392
gain 37 42 -85.63086
gain 37 43 -64.176622
gain 37 44 -76.07035
gain 37 46 -57.935811
gain 37 47 -60.570405
gain 37 48 -44.448649
gain 37 50 -88.92023
gain 4 5 -78.693638
gain 4 6 -66.235294
gain 4 7 -85.25289
gain 4 10 -66.899013
gain 4 12 -74.714395
gain 4 13 -58.87358
gain 4 14 -86.147016
gain 4 15 -92.302484
gain 4 17 -86.848636
gain 4 22 -66.717532
gain 4 25 -67.708046
gain 4 28 -49.326757
gain 4 29 -69.60484
gain 4 30 -71.164904
gain 4 31 -57.135811
gain 4 32 -77.047535
gain 4 33 -61.890811
gain 4 35 -57.797703
gain 4 36 -69.04349
gain 4 37 -79.087861
gain 4 41 -57.122432
gain 4 42 -65.490865
gain 4 43 -87.604953
gain 4 44 -73.661158
gain 4 46 -75.899286
gain 4 47 -76.292106
gain 4 48 -68.132739
gain 4 50 -74.523435
gain 41 4 -56.402703
gain 41 5 -79.418605
gain 41 6 -75.163459
gain 41 7 -74.011095
gain 41 10 -79.829808
gain 41 12 -72.607636
gain 41 13 -76.387132
gain 41 14 -71.421757
gain 41 15 -92.519093
gain 41 17 -75.911785
gain 41 22 -69.457209
gain 41 25 -77.324288
gain 41 28 -58.812162
gain 41 29 -86.886883
gain 41 30 -68.920424
gain 41 31 -60.069063
gain 41 32 -83.069476
gain 41 33 -54.111081
gain 41 35 -67.485555
gain 41 36 -74.867401
gain 41 37 -76.562988
gain 41 42 -63.293418
gain 41 43 -83.633662
gain 41 44 -63.330763
gain 41 46 -66.856235
gain 41 47 -61.940676
gain 41 48 -63.257162
gain 41 50 -86.107969
gain 42 4 -66.406546
gain 42 5 -65.554533
gain 42 6 -61.540084
gain 42 7 -85.403769
gain 42 10 -65.37429
gain 42 12 -66.158848
gain 42 13 -51.68973
gain 42 14 -85.696142
gain 42 15 -93.533333
gain 42 17 -90.020699
gain 42 22 -64.137194
gain 42 25 -72.450999
gain 42 28 -66.675646
gain 42 29 -66.263684
gain 42 30 -53.721757
gain 42 31 -56.514799
gain 42 32 -68.563041
gain 42 33 -80.625171
gain 42 35 -50.095135
gain 42 36 -58.779026
gain 42 37 -85.224433
gain 42 41 -62.046845
gain 42 43 -91.6
gain 42 44 -59.149595
gain 42 46 -83.125324
gain 42 47 -82.680986
gain 42 48 -87.735636
gain 42 50 -62.493108
gain 43 4 -89.550606
gain 43 5 -94.0
gain 43 6 -89.565262
gain 43 7 -59.668919
gain 43 12 -86.536782
gain 43 13 -90.858004
gain 43 14 -58.631437
gain 43 15 -66.620438
gain 43 17 -64.111817
gain 43 22 -92.786471
gain 43 25 -86.353125
gain 43 28 -84.468506
gain 43 29 -95.780124
gain 43 30 -91.814334
gain 43 31 -93.122396
gain 43 33 -77.082281
gain 43 35 -88.341051
gain 43 36 -92.063799
gain 43 37 -66.769699
gain 43 41 -83.987625
gain 43 42 -92.439394
gain 43 44 -86.920071
gain 43 46 -77.740098
gain 43 47 -73.719692
gain 43 48 -72.148939
gain 43 50 -92.105765
gain 44 4 -74.553418
gain 44 5 -66.402137
gain 44 6 -58.329459
gain 44 7 -89.126658
gain 44 10 -58.824054
gain 44 12 -53.156622
gain 44 13 -63.248239
gain 44 14 -84.867382
gain 44 17 -91.255074
gain 44 22 -72.745511
gain 44 25 -58.934054
gain 44 28 -63.863433
gain 44 29 -75.683112
gain 44 30 -65.377606
gain 44 31 -59.216757
gain 44 32 -70.539148
gain 44 33 -68.412973
gain 44 35 -63.871186
gain 44 36 -58.314189
gain 44 37 -76.080146
gain 44 41 -62.229812
gain 44 42 -59.771965
gain 44 43 -84.513144
gain 44 46 -84.12876
gain 44 47 -81.844435
gain 44 48 -80.373442
gain 44 50 -57.595
gain 46 4 -77.995353
gain 46 5 -86.485759
gain 46 6 -77.407916
gain 46 7 -75.116056
gain 46 10 -80.494609
gain 46 12 -86.62218
gain 46 13 -82.679809
gain 46 14 -72.876342
gain 46 15 -91.199878
gain 46 17 -81.754063
gain 46 22 -68.311027
gain 46 25 -83.010997
gain 46 28 -61.547925
gain 46 29 -91.639932
gain 46 30 -79.642228
gain 46 31 -75.163437
gain 46 32 -85.369404
gain 46 33 -42.056757
gain 46 35 -80.447977
gain 46 36 -83.098587
gain 46 37 -59.882568
gain 46 41 -66.673304
gain 46 42 -84.52901
gain 46 43 -76.744821
gain 46 44 -85.48808
gain 46 47 -56.771757
gain 46 48 -62.97527
gain 46 50 -82.98421
gain 47 4 -77.271561
gain 47 5 -89.290087
gain 47 6 -85.541857
gain 47 7 -65.864595
gain 47 10 -85.812726
gain 47 12 -82.731131
gain 47 13 -81.335721
gain 47 14 -63.192703
gain 47 15 -84.774172
gain 47 17 -80.073676
gain 47 22 -72.559924
gain 47 25 -81.171545
gain 47 28 -72.842892
gain 47 29 -94.225953
gain 47 30 -72.07499
gain 47 31 -77.839869
gain 47 32 -88.947723
gain 47 33 -56.483784
gain 47 35 -75.933833
gain 47 36 -88.756295
gain 47 37 -60.806486
gain 47 41 -60.636118
gain 47 42 -83.010341
gain 47 43 -70.60527
gain 47 44 -82.002593
gain 47 46 -57.022027
gain 47 48 -54.091892
gain 47 50 -88.06087
gain 48 4 -68.703271
gain 48 5 -90.13535
gain 48 6 -79.696669
gain 48 7 -67.172838
gain 48 10 -80.758049
gain 48 12 -79.244817
gain 48 13 -84.841799
gain 48 14 -69.094459
gain 48 15 -82.277432
gain 48 17 -71.089472
gain 48 22 -81.490425
gain 48 25 -80.861355
gain 48 28 -62.318409
gain 48 29 -92.621675
gain 48 30 -75.351097
gain 48 31 -77.249386
gain 48 32 -87.134914
gain 48 33 -67.916306
gain 48 35 -73.742997
gain 48 36 -79.700996
gain 48 37 -44.226216
gain 48 41 -61.803028
gain 48 42 -88.107643
gain 48 43 -68.948101
gain 48 44 -80.131029
gain 48 46 -62.254494
gain 48 47 -54.123243
gain 48 50 -84.510813
gain 5 4 -79.335846
gain 5 6 -68.773914
gain 5 7 -89.481461
gain 5 10 -65.838064
gain 5 12 -72.661911
gain 5 13 -55.797973
gain 5 14 -89.700342
gain 5 17 -87.890976
gain 5 22 -73.919859
gain 5 25 -67.01568
gain 5 28 -77.206718
gain 5 29 -61.182297
gain 5 30 -66.784513
gain 5 31 -76.368163
gain 5 32 -51.424595
gain 5 33 -82.198936
gain 5 35 -58.871334
gain 5 36 -52.061892
gain 5 37 -86.62886
gain 5 41 -78.653505
gain 5 42 -65.977116
gain 5 43 -91.222222
gain 5 44 -66.752435
gain 5 46 -85.160115
gain 5 47 -88.989727
gain 5 48 -90.39487
gain 5 50 -58.235572
gain 50 4 -75.616266
gain 50 5 -59.020554
gain 50 6 -57.503784
gain 50 7 -90.940476
gain 50 10 -56.802973
gain 50 12 -56.905811
gain 50 13 -66.68257
gain 50 17 -91.326409
gain 50 22 -74.335102
gain 50 25 -52.918919
gain 50 28 -75.153857
gain 50 29 -54.991081
gain 50 30 -70.991593
gain 50 31 -80.712123
gain 50 32 -58.556892
gain 50 33 -82.758931
gain 50 35 -72.835028
gain 50 36 -63.345504
gain 50 37 -88.837202
gain 50 41 -84.598922
gain 50 42 -63.604223
gain 50 43 -90.628619
gain 50 44 -57.949865
gain 50 46 -82.420282
gain 50 47 -88.216685
gain 50 48 -84.913079
gain 6 4 -69.558058
gain 6 5 -71.337541
gain 6 7 -90.743705
gain 6 10 -57.332973
gain 6 12 -59.90527
gain 6 13 -68.922617
gain 6 14 -90.239899
gain 6 17 -90.867627
gain 6 22 -77.386714
gain 6 25 -59.689459
gain 6 28 -72.777052
gain 6 29 -55.970811
gain 6 30 -69.780524
gain 6 31 -64.24804
gain 6 32 -59.66027
gain 6 33 -82.256652
gain 6 35 -67.753493
gain 6 36 -72.302944
gain 6 37 -87.867943
gain 6 41 -76.547224
gain 6 42 -63.72479
gain 6 43 -90.098148
gain 6 44 -58.205489
gain 6 46 -78.890489
gain 6 47 -88.013443
gain 6 48 -82.327773
gain 6 50 -58.09473
gain 7 4 -87.362184
gain 7 5 -90.8879
gain 7 6 -89.976697
gain 7 10 -90.192401
gain 7 12 -84.511672
gain 7 13 -88.518253
gain 7 14 -53.452973
gain 7 15 -76.232392
gain 7 17 -67.461892
gain 7 22 -86.847972
gain 7 25 -91.121105
gain 7 28 -77.794386
gain 7 29 -95.738255
gain 7 30 -84.992048
gain 7 31 -83.644757
gain 7 33 -67.517568
gain 7 35 -88.734277
gain 7 36 -88.08084
gain 7 37 -55.433378
gain 7 41 -73.553428
gain 7 42 -86.631047
gain 7 43 -57.634189
gain 7 44 -91.0
gain 7 46 -74.838229
gain 7 47 -66.335811
gain 7 48 -67.815
gain 7 50 -92.05303
