gain 10 4 -77.608275
gain 10 5 -75.93155
gain 10 6 -61.908058
gain 10 12 -62.396757
gain 10 13 -72.00394
gain 10 22 -88.520975
gain 10 25 -69.082138
gain 10 28 -85.105491
gain 10 29 -69.452001
gain 10 30 -79.044762
gain 10 31 -78.999047
gain 10 32 -66.369389
gain 10 33 -91.822951
gain 10 35 -87.669989
gain 10 36 -77.69115
gain 10 37 -93.0
gain 10 41 -86.666352
gain 10 42 -75.283727
gain 10 44 -68.000949
gain 10 46 -88.194492
gain 10 47 -91.6875
gain 10 48 -89.06909
gain 10 50 -63.987426
gain 12 4 -83.023902
gain 12 5 -80.705834
gain 12 6 -65.814602
gain 12 7 -90.290746
gain 12 10 -61.544206
gain 12 13 -76.25275
gain 12 14 -89.920455
gain 12 17 -92.722222
gain 12 22 -76.754981
gain 12 25 -56.8348
gain 12 28 -77.123514
gain 12 29 -75.961508
gain 12 30 -77.266568
gain 12 31 -81.230957
gain 12 32 -72.730882
gain 12 33 -81.314416
gain 12 35 -70.626223
gain 12 36 -76.757348
gain 12 37 -90.631815
gain 12 41 -79.459125
gain 12 42 -74.854642
gain 12 43 -90.742221
gain 12 44 -58.634533
gain 12 46 -89.261788
gain 12 47 -89.808119
gain 12 48 -87.773025
gain 12 50 -61.8196
gain 13 4 -69.336993
gain 13 5 -61.920541
gain 13 6 -76.444005
gain 13 7 -91.0
gain 13 10 -71.932206
gain 13 12 -77.068086
gain 13 17 -91.920873
gain 13 22 -80.115907
gain 13 25 -66.327971
gain 13 28 -83.537771
gain 13 29 -75.441133
gain 13 30 -76.064635
gain 13 31 -68.528743
gain 13 32 -68.777793
gain 13 33 -82.219965
gain 13 35 -67.236928
gain 13 36 -62.243474
gain 13 37 -92.076341
gain 13 41 -84.012549
gain 13 42 -58.287703
gain 13 44 -72.554335
gain 13 46 -88.945745
gain 13 47 -89.433149
gain 13 48 -91.469598
gain 13 50 -75.6692
gain 14 4 -91.317568
gain 14 7 -59.563919
gain 14 10 -93.0
gain 14 12 -93.021109
gain 14 15 -72.119865
gain 14 17 -64.148649
gain 14 22 -94.079365
gain 14 25 -93.37963
gain 14 28 -89.607739
gain 14 30 -92.301517
gain 14 31 -94.268041
gain 14 33 -84.89347
gain 14 36 -93.176471
gain 14 37 -73.788854
gain 14 41 -80.16079
gain 14 42 -92.096
gain 14 43 -66.448108
gain 14 44 -93.175715
gain 14 46 -81.466914
gain 14 47 -73.579403
gain 14 48 -79.436324
gain 15 4 -92.4
gain 15 7 -78.101178
gain 15 13 -92.0
gain 15 14 -63.731622
gain 15 17 -65.936892
gain 15 28 -86.106637
gain 15 30 -94.1151
gain 15 33 -89.064341
gain 15 37 -85.700508
gain 15 41 -90.154545
gain 15 42 -93.076923
gain 15 43 -65.966351
gain 15 46 -89.641239
gain 15 47 -86.406533
gain 15 48 -84.313062
gain 17 4 -91.260256
gain 17 5 -92.768627
gain 17 7 -76.522323
gain 17 12 -93.911765
gain 17 13 -91.28416
gain 17 14 -63.119459
gain 17 15 -73.096081
gain 17 22 -90.169085
gain 17 25 -93.101124
gain 17 28 -86.305073
gain 17 30 -92.560902
gain 17 31 -92.871447
gain 17 33 -73.261005
gain 17 35 -91.54502
gain 17 36 -93.192308
gain 17 37 -73.395072
gain 17 41 -82.764553
gain 17 42 -92.904762
gain 17 43 -70.106351
gain 17 46 -86.498482
gain 17 47 -87.253342
gain 17 48 -80.053346
gain 22 4 -74.380467
gain 22 5 -79.659323
gain 22 6 -80.502188
gain 22 7 -89.701256
gain 22 10 -85.271964
gain 22 12 -74.575309
gain 22 13 -77.067317
gain 22 14 -89.857988
gain 22 17 -87.522532
gain 22 25 -75.152315
gain 22 28 -64.150854
gain 22 29 -75.969935
gain 22 30 -62.046112
gain 22 31 -71.819514
gain 22 32 -79.377325
gain 22 33 -74.302181
gain 22 35 -60.417174
gain 22 36 -77.206071
gain 22 37 -88.240038
gain 22 41 -75.019856
gain 22 42 -70.005828
gain 22 44 -78.560322
gain 22 46 -73.840894
gain 22 47 -78.461486
gain 22 48 -86.48043
gain 22 50 -79.800653
gain 25 4 -76.598913
gain 25 5 -75.258358
gain 25 6 -64.738208
gain 25 10 -67.208012
gain 25 12 -57.697297
gain 25 13 -64.670829
gain 25 14 -91.5
gain 25 17 -92.312727
gain 25 22 -76.799728
gain 25 28 -72.352637
gain 25 29 -66.974054
gain 25 30 -75.15642
gain 25 31 -83.241711
gain 25 32 -77.542108
gain 25 33 -79.555314
gain 25 35 -78.97593
gain 25 36 -75.462051
gain 25 37 -83.072876
gain 25 41 -83.472459
gain 25 42 -80.538419
gain 25 43 -90.648995
gain 25 44 -64.957565
gain 25 46 -87.954302
gain 25 47 -88.304914
gain 25 48 -88.537288
gain 25 50 -58.210135
gain 28 4 -54.735135
gain 28 5 -85.055594
gain 28 6 -78.799701
gain 28 7 -84.924481
gain 28 10 -84.403016
gain 28 12 -77.32536
gain 28 13 -82.787747
gain 28 14 -89.010229
gain 28 15 -92.111388
gain 28 17 -86.705165
gain 28 22 -66.863292
gain 28 25 -73.531508
gain 28 29 -86.752577
gain 28 30 -77.95119
gain 28 31 -64.656212
gain 28 32 -88.250255
gain 28 33 -79.292653
gain 28 35 -76.37257
gain 28 36 -84.73044
gain 28 37 -72.151757
gain 28 41 -64.454164
gain 28 42 -76.068497
gain 28 43 -89.790309
gain 28 44 -72.685974
gain 28 46 -68.813328
gain 28 47 -80.99903
gain 28 48 -70.506623
gain 28 50 -83.097379
gain 29 4 -74.689514
gain 29 5 -64.518133
gain 29 6 -58.735405
gain 29 10 -63.265811
gain 29 12 -70.847444
gain 29 13 -69.378122
gain 29 17 -92.5
gain 29 22 -73.772684
gain 29 25 -63.084054
gain 29 28 -81.736337
gain 29 30 -81.522744
gain 29 31 -80.674176
gain 29 32 -54.805
gain 29 33 -89.690832
gain 29 35 -71.673656
gain 29 36 -70.132962
gain 29 37 -92.810726
gain 29 41 -86.838274
gain 29 42 -70.038529
gain 29 44 -79.086469
gain 29 46 -89.854336
gain 29 47 -90.76875
gain 29 48 -92.462738
gain 29 50 -57.598243
gain 30 4 -78.050054
gain 30 5 -72.786721
gain 30 6 -72.960016
gain 30 7 -88.415102
gain 30 10 -75.178716
gain 30 12 -75.060713
gain 30 13 -72.519348
gain 30 14 -88.421579
gain 30 17 -90.236409
gain 30 22 -61.953488
gain 30 25 -73.441153
gain 30 28 -75.373706
gain 30 29 -84.030527
gain 30 31 -67.073959
gain 30 32 -74.447304
gain 30 33 -83.131811
gain 30 35 -52.865676
gain 30 36 -73.641425
gain 30 37 -78.436847
gain 30 41 -73.41678
gain 30 42 -55.656622
gain 30 43 -90.95941
gain 30 44 -70.939033
gain 30 46 -83.620457
gain 30 47 -77.790996
gain 30 48 -80.970971
gain 30 50 -76.436484
gain 31 4 -64.388251
gain 31 5 -83.694567
gain 31 6 -69.053924
gain 31 7 -89.36653
gain 31 10 -77.20656
gain 31 12 -80.119483
gain 31 13 -66.28946
gain 31 14 -91.25
gain 31 17 -91.303116
gain 31 22 -73.442878
gain 31 25 -82.419359
gain 31 28 -63.921514
gain 31 29 -84.596813
gain 31 30 -69.065229
gain 31 32 -74.331419
gain 31 33 -80.712882
gain 31 35 -59.511681
gain 31 36 -78.31256
gain 31 37 -81.249332
gain 31 41 -66.021277
gain 31 42 -61.607495
gain 31 44 -66.497596
gain 31 46 -81.119979
gain 31 47 -84.537689
gain 31 48 -84.341927
gain 31 50 -85.251006
gain 32 4 -84.239071
gain 32 5 -58.465405
gain 32 6 -67.01203
gain 32 10 -66.752129
gain 32 12 -74.679192
gain 32 13 -68.902644
gain 32 22 -82.908827
gain 32 25 -79.478273
gain 32 28 -88.751384
gain 32 29 -57.847432
gain 32 30 -78.338738
gain 32 31 -76.84381
gain 32 33 -88.295345
gain 32 35 -70.724963
gain 32 36 -78.328667
gain 32 41 -89.003708
gain 32 42 -79.091373
gain 32 44 -80.656122
gain 32 46 -90.718786
gain 32 48 -93.0
gain 32 50 -66.00527
gain 33 4 -73.616399
gain 33 5 -90.112156
gain 33 6 -88.840183
gain 33 7 -77.678716
gain 33 10 -91.427807
gain 33 12 -83.252294
gain 33 13 -82.78243
gain 33 14 -84.931185
gain 33 15 -93.02907
gain 33 17 -74.634764
gain 33 22 -78.145489
gain 33 25 -81.947999
gain 33 28 -80.663364
gain 33 29 -94.803103
gain 33 30 -86.541109
gain 33 31 -83.554232
gain 33 32 -88.039656
gain 33 35 -76.727843
gain 33 36 -90.195425
gain 33 37 -77.032495
gain 33 41 -59.885536
gain 33 42 -89.300874
gain 33 43 -84.645625
gain 33 44 -78.798525
gain 33 46 -53.885135
gain 33 47 -65.829595
gain 33 48 -78.479934
gain 33 50 -91.06641
gain 35 4 -63.20425
gain 35 5 -67.17561
gain 35 6 -73.916418
gain 35 7 -90.060669
gain 35 10 -86.081273
gain 35 12 -70.811874
gain 35 13 -65.960005
gain 35 17 -91.108719
gain 35 22 -62.671216
gain 35 25 -79.640471
gain 35 28 -75.999592
gain 35 29 -76.605416
gain 35 30 -55.105149
gain 35 31 -60.174459
gain 35 32 -68.550717
gain 35 33 -74.778605
gain 35 36 -71.777175
gain 35 37 -83.036438
gain 35 41 -75.250917
gain 35 42 -56.024733
gain 35 43 -91.38232
gain 35 44 -71.855782
gain 35 46 -86.58358
gain 35 47 -83.641522
gain 35 48 -81.432994
gain 35 50 -79.880746
gain 36 4 -77.386092
gain 36 5 -57.407297
gain 36 6 -77.332881
gain 36 7 -90.368664
gain 36 10 -75.46901
gain 36 12 -75.827656
gain 36 13 -60.232454
gain 36 14 -90.444444
gain 36 17 -92.652174
gain 36 22 -78.823315
gain 36 25 -75.157937
gain 36 28 -83.501105
gain 36 29 -75.336087
gain 36 30 -75.404293
gain 36 31 -78.330707
gain 36 32 -75.958271
gain 36 33 -88.232307
gain 36 35 -71.065779
gain 36 37 -89.206392
gain 36 41 -80.56048
gain 36 42 -65.67624
gain 36 44 -64.278431
gain 36 46 -87.397873
gain 36 47 -89.673857
gain 36 48 -86.625557
gain 36 50 -70.494725
gain 37 4 -87.62646
gain 37 5 -91.684264
gain 37 6 -89.886915
gain 37 7 -59.512838
gain 37 10 -91.571429
gain 37 12 -90.866284
gain 37 13 -90.384121
gain 37 14 -71.634334
gain 37 15 -90.001828
gain 37 17 -72.357066
gain 37 22 -90.087289
gain 37 25 -83.090365
gain 37 28 -70.974756
gain 37 29 -96.135802
gain 37 30 -80.369067
gain 37 31 -81.65015
gain 37 33 -74.239572
gain 37 35 -82.564802
gain 37 36 -89.614192
gain 37 41 -81.138983
gain 37 42 -90.905347
gain 37 43 -72.440405
gain 37 44 -83.442701
gain 37 46 -66.243404
gain 37 47 -67.949054
gain 37 48 -54.485405
gain 37 50 -92.144195
gain 4 5 -85.281812
gain 4 6 -74.238419
gain 4 7 -89.384461
gain 4 10 -75.008942
gain 4 12 -82.001421
gain 4 13 -66.138038
gain 4 14 -89.601619
gain 4 17 -90.79672
gain 4 22 -74.58245
gain 4 25 -75.394719
gain 4 28 -58.184399
gain 4 29 -77.146051
gain 4 30 -78.529733
gain 4 31 -63.566892
gain 4 32 -82.442001
gain 4 33 -68.815
gain 4 35 -61.602895
gain 4 36 -76.652795
gain 4 37 -85.862508
gain 4 41 -61.5402
gain 4 42 -73.524443
gain 4 43 -91.224586
gain 4 44 -80.877183
gain 4 46 -81.172819
gain 4 47 -83.136499
gain 4 48 -76.059086
gain 4 50 -81.297948
gain 41 4 -64.010549
gain 41 5 -86.995133
gain 41 6 -82.204712
gain 41 7 -81.352398
gain 41 10 -86.896729
gain 41 12 -80.085161
gain 41 13 -83.93427
gain 41 14 -79.485587
gain 41 17 -83.221632
gain 41 22 -77.544811
gain 41 25 -84.867185
gain 41 28 -64.623748
gain 41 29 -92.213167
gain 41 30 -76.962529
gain 41 31 -67.655616
gain 41 32 -88.770876
gain 41 33 -59.652703
gain 41 35 -75.878371
gain 41 36 -82.261513
gain 41 37 -83.030543
gain 41 42 -71.161203
gain 41 43 -89.167063
gain 41 44 -71.441432
gain 41 46 -75.167665
gain 41 47 -69.212162
gain 41 48 -71.014459
gain 41 50 -91.007784
gain 42 4 -75.247587
gain 42 5 -73.915818
gain 42 6 -68.94007
gain 42 7 -90.581322
gain 42 10 -74.046231
gain 42 12 -74.351648
gain 42 13 -56.773784
gain 42 14 -90.14966
gain 42 17 -91.775
gain 42 22 -72.349831
gain 42 25 -80.390782
gain 42 28 -75.587859
gain 42 29 -74.950231
gain 42 30 -59.532378
gain 42 31 -61.892703
gain 42 32 -77.03284
gain 42 33 -87.233673
gain 42 35 -58.23973
gain 42 36 -66.335281
gain 42 37 -90.934777
gain 42 41 -69.741564
gain 42 44 -67.219165
gain 42 46 -89.508221
gain 42 47 -89.747973
gain 42 48 -91.586596
gain 42 50 -70.721845
gain 43 4 -92.151515
gain 43 7 -67.590215
gain 43 12 -92.667895
gain 43 14 -66.665811
gain 43 15 -75.100703
gain 43 17 -72.006633
gain 43 25 -92.600147
gain 43 28 -89.787901
gain 43 30 -94.14
gain 43 33 -84.575516
gain 43 35 -93.077307
gain 43 37 -75.278972
gain 43 41 -88.949749
gain 43 44 -92.871
gain 43 46 -85.146811
gain 43 47 -81.020577
gain 43 48 -79.978061
gain 44 4 -82.479912
gain 44 5 -74.768624
gain 44 6 -64.20995
gain 44 7 -91.333333
gain 44 10 -66.176351
gain 44 12 -58.296486
gain 44 13 -71.14371
gain 44 14 -90.345035
gain 44 22 -80.342955
gain 44 25 -65.297823
gain 44 28 -71.711099
gain 44 29 -83.11641
gain 44 30 -73.497337
gain 44 31 -66.802192
gain 44 32 -78.598019
gain 44 33 -76.718318
gain 44 35 -71.494108
gain 44 36 -64.706248
gain 44 37 -83.548545
gain 44 41 -69.718321
gain 44 42 -67.313405
gain 44 43 -90.764507
gain 44 46 -89.480939
gain 44 47 -89.344506
gain 44 48 -87.932268
gain 44 50 -63.837432
gain 46 4 -82.97831
gain 46 5 -90.794147
gain 46 6 -84.86793
gain 46 7 -82.525424
gain 46 10 -87.843131
gain 46 12 -91.749707
gain 46 13 -88.79367
gain 46 14 -80.654615
gain 46 15 -93.470588
gain 46 17 -87.190361
gain 46 22 -76.462532
gain 46 25 -89.524873
gain 46 28 -69.245017
gain 46 29 -94.356604
gain 46 30 -87.014572
gain 46 31 -82.729045
gain 46 32 -90.122124
gain 46 33 -52.346351
gain 46 35 -87.693996
gain 46 36 -89.240256
gain 46 37 -67.557432
gain 46 41 -74.464645
gain 46 42 -90.788433
gain 46 43 -83.79085
gain 46 44 -91.490591
gain 46 47 -64.717568
gain 46 48 -71.126252
gain 46 50 -90.354613
gain 47 4 -84.834235
gain 47 5 -91.274232
gain 47 6 -90.315315
gain 47 7 -74.569399
gain 47 10 -90.994638
gain 47 12 -90.430942
gain 47 13 -88.319523
gain 47 14 -70.588784
gain 47 15 -91.506052
gain 47 17 -86.882137
gain 47 22 -80.023615
gain 47 25 -89.014448
gain 47 28 -80.287079
gain 47 29 -96.044444
gain 47 30 -79.603985
gain 47 31 -85.774176
gain 47 32 -91.333333
gain 47 33 -63.852703
gain 47 35 -83.607138
gain 47 36 -90.117375
gain 47 37 -68.479865
gain 47 41 -68.299932
gain 47 42 -90.291348
gain 47 43 -78.981211
gain 47 44 -89.86503
gain 47 46 -63.925405
gain 47 48 -59.222027
gain 47 50 -92.008915
gain 48 4 -77.332696
gain 48 5 -92.559322
gain 48 6 -87.827068
gain 48 7 -75.832069
gain 48 10 -87.532717
gain 48 12 -87.338103
gain 48 13 -90.138625
gain 48 14 -78.014012
gain 48 15 -89.847667
gain 48 17 -79.123866
gain 48 22 -88.177391
gain 48 25 -88.840243
gain 48 28 -70.079538
gain 48 29 -95.864865
gain 48 30 -82.940286
gain 48 31 -85.02428
gain 48 32 -91.24
gain 48 33 -76.03343
gain 48 35 -81.34532
gain 48 36 -87.134985
gain 48 37 -54.662973
gain 48 41 -69.620638
gain 48 42 -92.12605
gain 48 43 -78.018789
gain 48 44 -88.347959
gain 48 46 -69.99755
gain 48 47 -59.238514
gain 48 50 -90.62334
gain 5 4 -86.678173
gain 5 6 -77.157715
gain 5 10 -74.37187
gain 5 12 -80.525148
gain 5 13 -60.667118
gain 5 17 -92.497196
gain 5 22 -81.817555
gain 5 25 -75.472986
gain 5 28 -84.01746
gain 5 29 -69.195297
gain 5 30 -75.07029
gain 5 31 -84.454545
gain 5 32 -58.397568
gain 5 33 -88.401101
gain 5 35 -67.035021
gain 5 36 -56.763514
gain 5 37 -91.619594
gain 5 41 -85.83519
gain 5 42 -74.104956
gain 5 44 -75.314921
gain 5 46 -89.685497
gain 5 47 -90.389189
gain 5 48 -91.69863
gain 5 50 -65.358967
gain 50 4 -82.785593
gain 50 5 -65.561028
gain 50 6 -62.055818
gain 50 10 -62.68325
gain 50 12 -61.798108
gain 50 13 -74.637709
gain 50 22 -81.968407
gain 50 25 -58.617297
gain 50 28 -82.566872
gain 50 29 -61.062297
gain 50 30 -78.617996
gain 50 31 -86.394746
gain 50 32 -64.318378
gain 50 33 -89.539299
gain 50 35 -79.952175
gain 50 36 -71.34035
gain 50 37 -92.402655
gain 50 41 -89.055
gain 50 42 -70.878751
gain 50 44 -64.103826
gain 50 46 -89.622685
gain 50 47 -91.29697
gain 50 48 -90.414463
gain 6 4 -78.16107
gain 6 5 -79.640567
gain 6 10 -63.140541
gain 6 12 -68.282735
gain 6 13 -77.479098
gain 6 22 -85.465674
gain 6 25 -67.728944
gain 6 28 -80.955753
gain 6 29 -62.440135
gain 6 30 -78.110307
gain 6 31 -73.121019
gain 6 32 -67.32351
gain 6 33 -89.686881
gain 6 35 -76.466758
gain 6 36 -80.526424
gain 6 37 -92.067348
gain 6 41 -83.095282
gain 6 42 -72.027115
gain 6 44 -66.914139
gain 6 46 -87.021364
gain 6 47 -91.441441
gain 6 48 -90.212993
gain 6 50 -64.264125
gain 7 4 -91.017682
gain 7 6 -92.0
gain 7 12 -91.852356
gain 7 13 -91.967742
gain 7 14 -58.185946
gain 7 15 -83.916316
gain 7 17 -76.157274
gain 7 22 -92.368164
gain 7 25 -92.5
gain 7 28 -84.827253
gain 7 30 -91.678685
gain 7 31 -91.390652
gain 7 33 -76.17226
gain 7 35 -91.960829
gain 7 36 -92.284795
gain 7 37 -60.607432
gain 7 41 -81.100449
gain 7 42 -92.344691
gain 7 43 -65.778243
gain 7 44 -92.69802
gain 7 46 -82.479118
gain 7 47 -75.295946
gain 7 48 -76.188184
