gain 10 4 -82.719564
gain 10 5 -80.754415
gain 10 6 -67.196617
gain 10 12 -67.727838
gain 10 13 -77.395898
gain 10 22 -90.824624
gain 10 25 -74.49221
gain 10 28 -87.623709
gain 10 29 -74.98499
gain 10 30 -84.250273
gain 10 31 -84.536825
gain 10 32 -71.892152
gain 10 35 -90.942857
gain 10 36 -82.09914
gain 10 41 -89.668504
gain 10 42 -80.31649
gain 10 44 -74.002033
gain 10 46 -91.103383
gain 10 48 -91.907761
gain 10 50 -68.87759
gain 12 4 -85.585442
gain 12 5 -85.352179
gain 12 6 -71.132843
gain 12 10 -66.170667
gain 12 13 -80.948618
gain 12 22 -81.527275
gain 12 25 -60.546933
gain 12 28 -81.783641
gain 12 29 -80.700616
gain 12 30 -82.132585
gain 12 31 -86.294382
gain 12 32 -78.131674
gain 12 33 -86.449561
gain 12 35 -75.885438
gain 12 36 -81.54701
gain 12 37 -91.73638
gain 12 41 -84.078673
gain 12 42 -79.777382
gain 12 44 -63.736751
gain 12 46 -90.848684
gain 12 47 -91.610526
gain 12 48 -91.088253
gain 12 50 -66.771733
gain 13 4 -75.19657
gain 13 5 -66.870295
gain 13 6 -80.951371
gain 13 10 -77.240336
gain 13 12 -82.116231
gain 13 22 -84.602634
gain 13 25 -71.920308
gain 13 28 -87.503623
gain 13 29 -80.318756
gain 13 30 -81.38761
gain 13 31 -74.352605
gain 13 32 -74.257693
gain 13 33 -87.737186
gain 13 35 -73.057873
gain 13 36 -67.273417
gain 13 37 -93.25
gain 13 41 -88.202882
gain 13 42 -63.7403
gain 13 44 -77.897314
gain 13 46 -90.307692
gain 13 47 -91.184946
gain 13 48 -93.208333
gain 13 50 -80.602566
gain 14 7 -64.725233
gain 14 12 -94.0
gain 14 15 -77.208784
gain 14 17 -69.143823
gain 14 28 -91.117647
gain 14 30 -94.217277
gain 14 33 -89.36896
gain 14 37 -78.668067
gain 14 41 -84.711683
gain 14 43 -71.877568
gain 14 46 -86.290216
gain 14 47 -78.374696
gain 14 48 -84.565211
gain 15 7 -82.587812
gain 15 14 -68.511081
gain 15 17 -71.585171
gain 15 28 -90.15556
gain 15 33 -91.246196
gain 15 37 -89.526972
gain 15 43 -71.376892
gain 15 46 -90.679688
gain 15 47 -90.469843
gain 15 48 -89.074052
gain 17 7 -81.062311
gain 17 14 -67.882568
gain 17 15 -78.083108
gain 17 22 -93.546009
gain 17 28 -89.519744
gain 17 30 -93.930435
gain 17 31 -94.146789
gain 17 33 -77.73635
gain 17 35 -92.964286
gain 17 37 -78.468644
gain 17 41 -87.524487
gain 17 43 -76.385187
gain 17 46 -88.84202
gain 17 47 -89.583529
gain 17 48 -84.930393
gain 22 4 -79.084083
gain 22 5 -84.571013
gain 22 6 -85.333861
gain 22 7 -91.253968
gain 22 10 -88.065075
gain 22 12 -79.379616
gain 22 13 -80.919379
gain 22 17 -91.343205
gain 22 25 -79.750238
gain 22 28 -69.242506
gain 22 29 -80.949939
gain 22 30 -66.846872
gain 22 31 -77.006395
gain 22 32 -83.967616
gain 22 33 -79.032591
gain 22 35 -65.176144
gain 22 36 -81.471368
gain 22 37 -90.601227
gain 22 41 -79.670705
gain 22 42 -75.887772
gain 22 44 -83.651995
gain 22 46 -78.597774
gain 22 47 -83.238568
gain 22 48 -89.231447
gain 22 50 -84.839395
gain 25 4 -81.423366
gain 25 5 -80.174227
gain 25 6 -69.731463
gain 25 10 -72.255562
gain 25 12 -60.032027
gain 25 13 -69.921499
gain 25 22 -81.687286
gain 25 28 -77.775474
gain 25 29 -72.746176
gain 25 30 -79.978026
gain 25 31 -88.069619
gain 25 32 -82.200444
gain 25 33 -84.488698
gain 25 35 -83.519484
gain 25 36 -80.290817
gain 25 37 -88.610377
gain 25 41 -87.534319
gain 25 42 -85.084049
gain 25 44 -70.283329
gain 25 46 -90.004684
gain 25 47 -90.858672
gain 25 48 -91.671474
gain 25 50 -63.264054
gain 28 4 -62.010541
gain 28 5 -89.077471
gain 28 6 -82.912348
gain 28 7 -89.178274
gain 28 10 -87.957518
gain 28 12 -82.033329
gain 28 13 -87.159669
gain 28 14 -90.352273
gain 28 15 -93.533333
gain 28 17 -90.492279
gain 28 22 -72.334101
gain 28 25 -78.185356
gain 28 29 -90.507103
gain 28 30 -82.907521
gain 28 31 -69.8357
gain 28 32 -90.245638
gain 28 33 -83.899731
gain 28 35 -81.35458
gain 28 36 -88.274194
gain 28 37 -77.135816
gain 28 41 -69.304984
gain 28 42 -80.721996
gain 28 43 -90.902357
gain 28 44 -77.724423
gain 28 46 -74.663646
gain 28 47 -85.494845
gain 28 48 -76.080833
gain 28 50 -87.806782
gain 29 4 -79.394245
gain 29 5 -69.642741
gain 29 6 -60.800135
gain 29 10 -68.557344
gain 29 12 -76.310574
gain 29 13 -75.168025
gain 29 22 -78.760442
gain 29 25 -68.424959
gain 29 28 -85.046931
gain 29 30 -86.24216
gain 29 31 -85.772447
gain 29 32 -58.090688
gain 29 33 -90.589118
gain 29 35 -77.313931
gain 29 36 -75.978344
gain 29 41 -89.718014
gain 29 42 -75.718333
gain 29 44 -83.215326
gain 29 46 -91.956989
gain 29 50 -61.696622
gain 30 4 -82.468833
gain 30 5 -77.836962
gain 30 6 -77.957852
gain 30 7 -90.836007
gain 30 10 -80.005562
gain 30 12 -79.703991
gain 30 13 -77.857415
gain 30 14 -90.374436
gain 30 17 -92.082353
gain 30 22 -66.646022
gain 30 25 -78.024281
gain 30 28 -80.306579
gain 30 29 -88.581676
gain 30 31 -72.910482
gain 30 32 -79.184979
gain 30 33 -85.829892
gain 30 35 -58.425443
gain 30 36 -78.555798
gain 30 37 -83.361236
gain 30 41 -78.425926
gain 30 42 -62.055428
gain 30 44 -76.198884
gain 30 46 -87.368492
gain 30 47 -82.358013
gain 30 48 -85.983781
gain 30 50 -81.027808
gain 31 4 -69.711554
gain 31 5 -87.604362
gain 31 6 -75.018898
gain 31 7 -90.371429
gain 31 10 -82.283833
gain 31 12 -85.477396
gain 31 13 -71.833132
gain 31 17 -92.923077
gain 31 22 -78.295289
gain 31 25 -87.252357
gain 31 28 -68.749329
gain 31 29 -89.706956
gain 31 30 -74.912495
gain 31 32 -79.386902
gain 31 33 -85.988162
gain 31 35 -64.256684
gain 31 36 -83.42787
gain 31 37 -86.792384
gain 31 41 -71.351812
gain 31 42 -66.53052
gain 31 44 -72.269457
gain 31 46 -86.042553
gain 31 47 -89.540201
gain 31 48 -88.88163
gain 31 50 -88.002329
gain 32 4 -87.180567
gain 32 5 -63.924148
gain 32 6 -72.631014
gain 32 10 -72.302357
gain 32 12 -79.545504
gain 32 13 -74.631679
gain 32 22 -88.18384
gain 32 25 -84.302741
gain 32 28 -89.692982
gain 32 29 -63.049324
gain 32 30 -83.315869
gain 32 31 -81.705183
gain 32 33 -91.298232
gain 32 35 -76.281852
gain 32 36 -83.181259
gain 32 41 -90.288344
gain 32 42 -83.982905
gain 32 44 -85.894649
gain 32 50 -71.282909
gain 33 4 -78.105571
gain 33 5 -91.634742
gain 33 6 -90.486538
gain 33 7 -82.24123
gain 33 12 -88.641166
gain 33 13 -88.150435
gain 33 14 -89.146712
gain 33 17 -79.353944
gain 33 22 -83.127526
gain 33 25 -87.531967
gain 33 28 -85.145004
gain 33 29 -95.286957
gain 33 30 -89.829092
gain 33 31 -89.17264
gain 33 32 -90.367707
gain 33 35 -81.444945
gain 33 36 -91.473604
gain 33 37 -81.901725
gain 33 41 -64.818317
gain 33 42 -91.460329
gain 33 43 -89.267006
gain 33 44 -83.617233
gain 33 46 -58.712664
gain 33 47 -71.123784
gain 33 48 -83.246262
gain 33 50 -92.485656
gain 35 4 -68.351194
gain 35 5 -72.849681
gain 35 6 -78.827127
gain 35 10 -89.496617
gain 35 12 -75.957005
gain 35 13 -71.56172
gain 35 17 -92.823529
gain 35 22 -67.618081
gain 35 25 -83.788042
gain 35 28 -81.121778
gain 35 29 -81.367886
gain 35 30 -57.095026
gain 35 31 -64.943919
gain 35 32 -74.764459
gain 35 33 -79.455988
gain 35 36 -77.238402
gain 35 37 -88.533003
gain 35 41 -79.999182
gain 35 42 -61.446412
gain 35 44 -77.338826
gain 35 46 -89.16953
gain 35 47 -88.680514
gain 35 48 -86.609318
gain 35 50 -84.66677
gain 36 4 -82.709926
gain 36 5 -62.201514
gain 36 6 -81.905309
gain 36 7 -92.0
gain 36 10 -80.334942
gain 36 12 -80.817018
gain 36 13 -65.33749
gain 36 22 -83.454207
gain 36 25 -80.030414
gain 36 28 -86.773832
gain 36 29 -80.062254
gain 36 30 -80.645487
gain 36 31 -83.517684
gain 36 32 -80.614798
gain 36 33 -90.099937
gain 36 35 -76.615174
gain 36 37 -92.114856
gain 36 41 -85.153702
gain 36 42 -70.896903
gain 36 44 -69.636475
gain 36 46 -90.340468
gain 36 47 -91.363636
gain 36 48 -90.658004
gain 36 50 -76.085501
gain 37 4 -90.694027
gain 37 5 -92.846154
gain 37 7 -64.791351
gain 37 12 -92.116356
gain 37 13 -91.875
gain 37 14 -77.270647
gain 37 15 -92.426165
gain 37 17 -77.674122
gain 37 22 -91.916847
gain 37 25 -88.691465
gain 37 28 -76.770836
gain 37 30 -85.810904
gain 37 31 -87.498151
gain 37 33 -79.197223
gain 37 35 -88.304342
gain 37 36 -92.321879
gain 37 41 -84.537709
gain 37 42 -92.908795
gain 37 43 -77.976886
gain 37 44 -89.099327
gain 37 46 -71.708498
gain 37 47 -73.995405
gain 37 48 -54.415
gain 4 5 -89.270256
gain 4 6 -78.652942
gain 4 7 -89.528497
gain 4 10 -79.404154
gain 4 12 -85.550871
gain 4 13 -71.57478
gain 4 14 -90.219512
gain 4 17 -92.403279
gain 4 22 -79.130873
gain 4 25 -80.114841
gain 4 28 -59.608984
gain 4 29 -81.928077
gain 4 30 -83.411595
gain 4 31 -68.316858
gain 4 32 -83.823746
gain 4 33 -74.609915
gain 4 35 -66.450176
gain 4 36 -81.327701
gain 4 37 -89.741697
gain 4 41 -66.279566
gain 4 42 -78.145324
gain 4 44 -85.893504
gain 4 46 -84.811331
gain 4 47 -88.276605
gain 4 48 -80.57994
gain 4 50 -85.790032
gain 41 4 -68.960103
gain 41 5 -90.739878
gain 41 6 -86.039458
gain 41 7 -86.125123
gain 41 10 -90.19948
gain 41 12 -85.620077
gain 41 13 -88.712488
gain 41 14 -84.268478
gain 41 17 -88.479164
gain 41 22 -82.729147
gain 41 25 -89.697178
gain 41 28 -69.539411
gain 41 29 -95.08753
gain 41 30 -81.902702
gain 41 31 -73.888632
gain 41 32 -91.355224
gain 41 33 -64.052703
gain 41 35 -80.895845
gain 41 36 -87.362475
gain 41 37 -86.286717
gain 41 42 -76.906522
gain 41 43 -91.228261
gain 41 44 -77.025432
gain 41 46 -80.086354
gain 41 47 -75.588076
gain 41 48 -76.621669
gain 41 50 -92.243119
gain 42 4 -79.944339
gain 42 5 -78.819932
gain 42 6 -74.751863
gain 42 10 -79.120361
gain 42 12 -79.187951
gain 42 13 -62.167523
gain 42 22 -77.569526
gain 42 25 -85.051838
gain 42 28 -80.308615
gain 42 29 -80.107109
gain 42 30 -64.145695
gain 42 31 -66.836848
gain 42 32 -81.860722
gain 42 33 -90.112546
gain 42 35 -60.7005
gain 42 36 -71.138302
gain 42 37 -93.421875
gain 42 41 -75.844514
gain 42 44 -72.94199
gain 42 46 -90.524909
gain 42 47 -91.254582
gain 42 48 -92.0
gain 42 50 -76.276026
gain 43 7 -73.427064
gain 43 14 -72.481266
gain 43 15 -79.908266
gain 43 17 -77.540661
gain 43 28 -91.0
gain 43 33 -89.491821
gain 43 37 -80.189274
gain 43 41 -90.7375
gain 43 46 -89.286755
gain 43 47 -86.299836
gain 43 48 -85.080676
gain 44 4 -86.882652
gain 44 5 -79.797741
gain 44 6 -69.364583
gain 44 10 -72.026786
gain 44 12 -63.597973
gain 44 13 -76.616189
gain 44 22 -85.767416
gain 44 25 -70.649533
gain 44 28 -77.322078
gain 44 29 -88.009365
gain 44 30 -78.314336
gain 44 31 -72.553206
gain 44 32 -83.115575
gain 44 33 -81.355713
gain 44 35 -76.886971
gain 44 36 -69.829678
gain 44 37 -88.935238
gain 44 41 -75.855819
gain 44 42 -73.165831
gain 44 46 -90.585752
gain 44 47 -91.390638
gain 44 48 -91.420996
gain 44 50 -68.841757
gain 46 4 -86.784301
gain 46 5 -92.975904
gain 46 6 -89.627347
gain 46 7 -86.905905
gain 46 10 -91.044506
gain 46 12 -93.125
gain 46 13 -90.12619
gain 46 14 -85.32793
gain 46 17 -89.743504
gain 46 22 -81.245897
gain 46 25 -91.530457
gain 46 28 -75.223161
gain 46 29 -96.653846
gain 46 30 -90.72115
gain 46 31 -88.398472
gain 46 32 -90.830189
gain 46 33 -57.786863
gain 46 35 -90.419668
gain 46 36 -91.823342
gain 46 37 -73.405574
gain 46 41 -79.579969
gain 46 42 -91.388636
gain 46 43 -88.66236
gain 46 44 -92.897959
gain 46 47 -69.707027
gain 46 48 -76.68212
gain 46 50 -92.589253
gain 47 4 -89.768857
gain 47 5 -92.466667
gain 47 7 -79.424871
gain 47 12 -92.871838
gain 47 13 -90.838367
gain 47 14 -76.914297
gain 47 15 -92.867925
gain 47 17 -89.984063
gain 47 22 -85.518913
gain 47 25 -91.899529
gain 47 28 -84.896956
gain 47 30 -84.956285
gain 47 31 -90.770308
gain 47 33 -68.789267
gain 47 35 -88.958568
gain 47 36 -91.748344
gain 47 37 -74.304636
gain 47 41 -74.352311
gain 47 42 -92.017586
gain 47 43 -83.948826
gain 47 44 -92.584958
gain 47 46 -69.160292
gain 47 48 -64.354189
gain 48 4 -82.138752
gain 48 6 -90.84
gain 48 7 -80.587917
gain 48 10 -90.813898
gain 48 12 -91.440612
gain 48 13 -91.28125
gain 48 14 -82.510472
gain 48 15 -92.446791
gain 48 17 -84.042028
gain 48 22 -90.397241
gain 48 25 -92.082071
gain 48 28 -75.993445
gain 48 30 -88.683192
gain 48 31 -89.991984
gain 48 33 -80.808534
gain 48 35 -86.738885
gain 48 36 -91.033157
gain 48 37 -54.338243
gain 48 41 -75.555071
gain 48 42 -92.594595
gain 48 43 -82.61779
gain 48 44 -92.025603
gain 48 46 -75.556972
gain 48 47 -64.332162
gain 48 50 -92.48423
gain 5 4 -90.040383
gain 5 6 -81.743751
gain 5 10 -79.333785
gain 5 12 -85.541538
gain 5 13 -65.359745
gain 5 22 -86.751485
gain 5 25 -80.388761
gain 5 28 -87.634888
gain 5 29 -74.512723
gain 5 30 -79.978689
gain 5 31 -88.254851
gain 5 32 -62.384782
gain 5 33 -90.703581
gain 5 35 -72.683846
gain 5 36 -62.848235
gain 5 37 -92.928571
gain 5 41 -89.144887
gain 5 42 -79.137218
gain 5 44 -79.987509
gain 5 46 -92.029851
gain 5 50 -70.2595
gain 50 4 -88.208266
gain 50 5 -70.678664
gain 50 6 -66.883092
gain 50 10 -67.581509
gain 50 12 -66.919708
gain 50 13 -79.428293
gain 50 22 -87.202416
gain 50 25 -63.610811
gain 50 28 -87.014528
gain 50 29 -65.98027
gain 50 30 -83.696253
gain 50 31 -89.519416
gain 50 32 -69.2455
gain 50 33 -91.222222
gain 50 35 -85.105375
gain 50 36 -76.778729
gain 50 41 -90.42963
gain 50 42 -76.564629
gain 50 44 -69.229748
gain 50 46 -91.803468
gain 50 48 -92.553991
gain 6 4 -82.978517
gain 6 5 -84.409895
gain 6 10 -68.245875
gain 6 12 -73.517981
gain 6 13 -82.227148
gain 6 22 -89.942558
gain 6 25 -73.236639
gain 6 28 -84.680237
gain 6 29 -67.655405
gain 6 30 -83.046473
gain 6 31 -77.849421
gain 6 32 -73.076881
gain 6 33 -91.26242
gain 6 35 -81.289175
gain 6 36 -84.970846
gain 6 41 -87.01624
gain 6 42 -77.252241
gain 6 44 -72.188152
gain 6 46 -90.591069
gain 6 48 -92.915547
gain 6 50 -69.36027
gain 7 4 -92.0
gain 7 12 -94.184466
gain 7 14 -63.593919
gain 7 15 -88.946947
gain 7 17 -80.982777
gain 7 22 -93.59375
gain 7 28 -89.405375
gain 7 30 -93.81051
gain 7 31 -93.769063
gain 7 33 -80.889959
gain 7 36 -93.058824
gain 7 37 -65.432162
gain 7 41 -85.616674
gain 7 42 -94.0
gain 7 43 -71.225841
gain 7 46 -87.092961
gain 7 47 -79.741957
gain 7 48 -80.988629
