gain 10 4 -65.828123
gain 10 5 -64.139264
gain 10 6 -54.067027
gain 10 7 -88.589281
gain 10 12 -54.243243
gain 10 13 -60.66288
gain 10 14 -86.901732
gain 10 17 -90.467212
gain 10 22 -78.067512
gain 10 25 -58.674145
gain 10 28 -74.94785
gain 10 29 -58.742838
gain 10 30 -67.816779
gain 10 31 -67.670362
gain 10 32 -57.511757
gain 10 33 -87.128885
gain 10 35 -77.941764
gain 10 36 -66.303887
gain 10 37 -88.709816
gain 10 41 -77.112903
gain 10 42 -63.77477
gain 10 43 -91.317073
gain 10 44 -56.388649
gain 10 46 -78.152823
gain 10 47 -84.351618
gain 10 48 -79.391987
gain 10 50 -55.71133
gain 12 4 -73.57089
gain 12 5 -69.647391
gain 12 6 -57.3284
gain 12 7 -81.112719
gain 12 10 -53.068933
gain 12 13 -64.733912
gain 12 14 -82.520182
gain 12 15 -94.333333
gain 12 17 -86.990873
gain 12 22 -65.450907
gain 12 25 -44.847333
gain 12 28 -65.571199
gain 12 29 -64.456594
gain 12 30 -65.939002
gain 12 31 -69.937475
gain 12 32 -61.912
gain 12 33 -70.243232
gain 12 35 -58.836912
gain 12 36 -65.23231
gain 12 37 -82.909091
gain 12 41 -68.074435
gain 12 42 -63.823239
gain 12 43 -81.403101
gain 12 44 -49.526667
gain 12 46 -82.680961
gain 12 47 -80.050834
gain 12 48 -77.053362
gain 12 50 -53.391333
gain 13 4 -58.293959
gain 13 5 -53.210135
gain 13 6 -64.910816
gain 13 7 -85.663776
gain 13 10 -60.780105
gain 13 12 -65.445676
gain 13 14 -88.486144
gain 13 15 -91.851773
gain 13 17 -84.025554
gain 13 22 -69.485434
gain 13 25 -56.805946
gain 13 28 -72.835353
gain 13 29 -63.752501
gain 13 30 -64.649047
gain 13 31 -57.819054
gain 13 32 -59.065676
gain 13 33 -71.085722
gain 13 35 -57.035811
gain 13 36 -53.599865
gain 13 37 -85.471876
gain 13 41 -73.618088
gain 13 42 -49.660676
gain 13 43 -89.045364
gain 13 44 -61.312551
gain 13 46 -80.401221
gain 13 47 -79.462734
gain 13 48 -84.565932
gain 13 50 -63.930012
gain 14 4 -86.202391
gain 14 5 -90.137599
gain 14 6 -89.050382
gain 14 7 -51.182297
gain 14 10 -87.836449
gain 14 12 -84.072132
gain 14 13 -89.393108
gain 14 15 -60.901216
gain 14 17 -56.288243
gain 14 22 -89.305862
gain 14 25 -88.302847
gain 14 28 -82.365747
gain 14 29 -92.442922
gain 14 30 -81.962553
gain 14 31 -89.381861
gain 14 33 -74.623314
gain 14 35 -90.170293
gain 14 36 -87.853758
gain 14 37 -62.43973
gain 14 41 -68.688365
gain 14 42 -85.260833
gain 14 43 -57.080676
gain 14 44 -83.844454
gain 14 46 -70.454558
gain 14 47 -62.109459
gain 14 48 -68.116486
gain 14 50 -91.13
gain 15 4 -87.22914
gain 15 5 -92.5
gain 15 6 -91.333333
gain 15 7 -66.542838
gain 15 10 -90.577747
gain 15 12 -91.935444
gain 15 13 -85.250444
gain 15 14 -56.483514
gain 15 17 -57.016486
gain 15 22 -91.91094
gain 15 25 -91.808108
gain 15 28 -76.115096
gain 15 29 -95.316071
gain 15 30 -86.290544
gain 15 31 -91.674279
gain 15 33 -81.431133
gain 15 35 -89.686209
gain 15 36 -92.037296
gain 15 37 -75.312855
gain 15 41 -85.83685
gain 15 42 -89.558542
gain 15 43 -57.430676
gain 15 44 -92.272279
gain 15 46 -83.990104
gain 15 47 -76.356901
gain 15 48 -73.779941
gain 15 50 -93.151515
gain 17 4 -85.79997
gain 17 5 -85.12396
gain 17 6 -87.648031
gain 17 7 -64.589213
gain 17 10 -89.741554
gain 17 12 -87.806245
gain 17 13 -83.233397
gain 17 14 -54.650405
gain 17 15 -61.494054
gain 17 22 -78.978311
gain 17 25 -87.006549
gain 17 28 -76.244384
gain 17 29 -90.913524
gain 17 30 -82.75823
gain 17 31 -82.807334
gain 17 32 -90.271622
gain 17 33 -61.565135
gain 17 35 -82.120454
gain 17 36 -89.785027
gain 17 37 -62.001081
gain 17 41 -71.66115
gain 17 42 -88.935537
gain 17 43 -58.244189
gain 17 44 -90.908205
gain 17 46 -77.96521
gain 17 47 -77.635968
gain 17 48 -68.578577
gain 17 50 -90.657889
gain 22 4 -62.965404
gain 22 5 -68.505561
gain 22 6 -69.506972
gain 22 7 -80.928416
gain 22 10 -74.854767
gain 22 12 -63.424888
gain 22 13 -66.011896
gain 22 14 -84.373655
gain 22 15 -90.89011
gain 22 17 -76.83792
gain 22 25 -63.627658
gain 22 28 -56.504441
gain 22 29 -64.715562
gain 22 30 -53.721881
gain 22 31 -60.425373
gain 22 32 -67.665199
gain 22 33 -62.9213
gain 22 35 -51.622376
gain 22 36 -65.884343
gain 22 37 -78.154946
gain 22 41 -63.415962
gain 22 42 -58.938979
gain 22 43 -86.991056
gain 22 44 -66.958657
gain 22 46 -62.505928
gain 22 47 -66.83331
gain 22 48 -76.985657
gain 22 50 -68.507659
gain 25 4 -64.775582
gain 25 5 -63.518178
gain 25 6 -57.185135
gain 25 7 -87.388962
gain 25 10 -57.670946
gain 25 12 -43.957703
gain 25 13 -56.461486
gain 25 14 -85.296696
gain 25 17 -85.730737
gain 25 22 -65.024351
gain 25 28 -61.121077
gain 25 29 -56.092027
gain 25 30 -63.439892
gain 25 31 -71.971223
gain 25 32 -65.827988
gain 25 33 -67.886004
gain 25 35 -67.546157
gain 25 36 -63.36007
gain 25 37 -71.931072
gain 25 41 -72.484605
gain 25 42 -68.999594
gain 25 43 -80.464025
gain 25 44 -55.266892
gain 25 46 -78.678494
gain 25 47 -78.044496
gain 25 48 -77.591956
gain 25 50 -47.664955
gain 28 4 -46.735135
gain 28 5 -74.3876
gain 28 6 -67.52774
gain 28 7 -74.479697
gain 28 10 -73.905604
gain 28 12 -65.926302
gain 28 13 -72.00095
gain 28 14 -81.055138
gain 28 15 -81.707076
gain 28 17 -76.141348
gain 28 22 -56.607027
gain 28 25 -61.94473
gain 28 29 -76.011108
gain 28 30 -66.641446
gain 28 31 -57.087162
gain 28 32 -78.906151
gain 28 33 -67.85496
gain 28 35 -65.011631
gain 28 36 -74.475176
gain 28 37 -60.82
gain 28 41 -55.687618
gain 28 42 -64.373461
gain 28 43 -80.181473
gain 28 44 -61.28079
gain 28 46 -58.071081
gain 28 47 -70.010549
gain 28 48 -59.501419
gain 28 50 -72.098132
gain 29 4 -63.386031
gain 29 5 -56.632703
gain 29 6 -45.684189
gain 29 7 -88.746835
gain 29 10 -55.602568
gain 29 12 -59.847432
gain 29 13 -59.500879
gain 29 14 -86.054922
gain 29 17 -85.768902
gain 29 22 -62.700243
gain 29 25 -54.821892
gain 29 28 -71.083322
gain 29 30 -71.387424
gain 29 31 -69.834508
gain 29 32 -41.842838
gain 29 33 -79.725312
gain 29 35 -60.545971
gain 29 36 -59.176471
gain 29 37 -86.292991
gain 29 41 -78.401681
gain 29 42 -58.363034
gain 29 43 -88.83551
gain 29 44 -67.891272
gain 29 46 -84.261252
gain 29 47 -88.013021
gain 29 48 -85.85022
gain 29 50 -45.995675
gain 30 4 -66.762765
gain 30 5 -61.470388
gain 30 6 -62.251743
gain 30 7 -79.671672
gain 30 10 -63.988263
gain 30 12 -63.900178
gain 30 13 -61.944505
gain 30 14 -78.422631
gain 30 15 -89.669982
gain 30 17 -80.140226
gain 30 22 -53.374727
gain 30 25 -62.193073
gain 30 28 -64.380278
gain 30 29 -73.140016
gain 30 31 -57.138382
gain 30 32 -63.155737
gain 30 33 -72.668093
gain 30 35 -39.527608
gain 30 36 -62.617036
gain 30 37 -67.306906
gain 30 41 -62.466739
gain 30 42 -47.38907
gain 30 43 -85.859233
gain 30 44 -59.663891
gain 30 46 -73.502742
gain 30 47 -66.319062
gain 30 48 -69.994419
gain 30 50 -64.936923
gain 31 4 -57.137467
gain 31 5 -73.001093
gain 31 6 -57.970933
gain 31 7 -79.3748
gain 31 10 -65.675027
gain 31 12 -68.825287
gain 31 13 -57.330267
gain 31 14 -86.133224
gain 31 15 -93.631579
gain 31 17 -81.613771
gain 31 22 -62.201094
gain 31 25 -71.468822
gain 31 28 -55.959067
gain 31 29 -73.59148
gain 31 30 -58.514804
gain 31 32 -62.8152
gain 31 33 -69.588133
gain 31 35 -50.705427
gain 31 36 -67.234744
gain 31 37 -70.06
gain 31 41 -57.997866
gain 31 42 -53.179467
gain 31 43 -89.586053
gain 31 44 -56.911867
gain 31 46 -69.704776
gain 31 47 -74.0996
gain 31 48 -73.676365
gain 31 50 -76.488557
gain 32 4 -77.084555
gain 32 5 -49.695
gain 32 6 -57.207973
gain 32 7 -90.6
gain 32 10 -57.969054
gain 32 12 -62.908108
gain 32 13 -58.498918
gain 32 17 -91.364555
gain 32 22 -71.675332
gain 32 25 -68.09854
gain 32 28 -80.453986
gain 32 29 -46.900946
gain 32 30 -67.017099
gain 32 31 -65.159005
gain 32 33 -77.055163
gain 32 35 -59.639524
gain 32 36 -66.76971
gain 32 37 -90.304996
gain 32 41 -80.880345
gain 32 42 -67.576538
gain 32 43 -91.428571
gain 32 44 -69.219846
gain 32 46 -83.450028
gain 32 47 -88.40999
gain 32 48 -86.809575
gain 32 50 -57.628649
gain 33 4 -61.802842
gain 33 5 -81.360816
gain 33 6 -78.945487
gain 33 7 -65.610676
gain 33 10 -87.282269
gain 33 12 -72.12912
gain 33 13 -71.761058
gain 33 14 -75.159292
gain 33 15 -87.975389
gain 33 17 -63.06527
gain 33 22 -66.791667
gain 33 25 -70.887566
gain 33 28 -69.484008
gain 33 29 -86.698982
gain 33 30 -76.649418
gain 33 31 -72.453618
gain 33 32 -77.503256
gain 33 35 -64.822024
gain 33 36 -82.255746
gain 33 37 -65.318464
gain 33 41 -51.018649
gain 33 42 -79.991538
gain 33 43 -73.73
gain 33 44 -66.924191
gain 33 46 -40.093919
gain 33 47 -57.813378
gain 33 48 -67.132657
gain 33 50 -81.727124
gain 35 4 -55.412432
gain 35 5 -57.675588
gain 35 6 -62.702122
gain 35 7 -84.724462
gain 35 10 -76.775463
gain 35 12 -59.426544
gain 35 13 -57.663873
gain 35 14 -87.867485
gain 35 15 -92.092354
gain 35 17 -81.717801
gain 35 22 -54.167838
gain 35 25 -68.790139
gain 35 28 -64.849404
gain 35 29 -65.180454
gain 35 30 -42.243243
gain 35 31 -51.687162
gain 35 32 -58.123243
gain 35 33 -63.232432
gain 35 36 -61.342618
gain 35 37 -72.354189
gain 35 41 -63.558417
gain 35 42 -45.491216
gain 35 43 -82.901695
gain 35 44 -60.49466
gain 35 46 -76.500417
gain 35 47 -73.203541
gain 35 48 -70.358243
gain 35 50 -70.425454
gain 36 4 -66.104993
gain 36 5 -46.741486
gain 36 6 -66.099094
gain 36 7 -83.452254
gain 36 10 -64.186271
gain 36 12 -64.332838
gain 36 13 -51.500811
gain 36 14 -84.727299
gain 36 15 -93.5
gain 36 17 -88.86161
gain 36 22 -67.762158
gain 36 25 -63.895997
gain 36 28 -73.308058
gain 36 29 -63.712394
gain 36 30 -64.135644
gain 36 31 -66.998378
gain 36 32 -64.337478
gain 36 33 -79.79777
gain 36 35 -60.870929
gain 36 37 -78.582306
gain 36 41 -69.305533
gain 36 42 -57.062863
gain 36 43 -88.703408
gain 36 44 -56.046892
gain 36 46 -79.461264
gain 36 47 -85.894712
gain 36 48 -76.507117
gain 36 50 -58.815
gain 37 4 -77.218726
gain 37 5 -83.083663
gain 37 6 -83.056212
gain 37 7 -51.116622
gain 37 10 -87.176057
gain 37 12 -82.421645
gain 37 13 -83.405018
gain 37 14 -60.295525
gain 37 15 -80.548842
gain 37 17 -61.27473
gain 37 22 -80.532156
gain 37 25 -72.70252
gain 37 28 -59.97523
gain 37 29 -90.577679
gain 37 30 -69.299674
gain 37 31 -70.635404
gain 37 32 -87.789329
gain 37 33 -63.219789
gain 37 35 -71.862684
gain 37 36 -78.97967
gain 37 41 -71.271667
gain 37 42 -82.980157
gain 37 43 -61.167432
gain 37 44 -72.758115
gain 37 46 -58.325405
gain 37 47 -58.208243
gain 37 48 -41.031622
gain 37 50 -87.735811
gain 4 5 -88.0
gain 4 7 -85.333333
gain 4 12 -78.435484
gain 4 14 -85.342857
gain 4 15 -90.0
gain 4 32 -83.545455
gain 4 37 -88.25
gain 4 43 -87.666667
gain 4 46 -81.897959
gain 41 4 -56.313378
gain 41 5 -76.607454
gain 41 6 -71.423853
gain 41 7 -70.399513
gain 41 10 -76.963937
gain 41 12 -68.940492
gain 41 13 -73.484745
gain 41 14 -67.738243
gain 41 15 -90.933757
gain 41 17 -72.427896
gain 41 22 -66.251726
gain 41 25 -74.180917
gain 41 28 -56.305811
gain 41 29 -83.767522
gain 41 30 -65.441025
gain 41 31 -55.256081
gain 41 32 -80.131388
gain 41 33 -50.835
gain 41 35 -64.309569
gain 41 36 -71.350048
gain 41 37 -73.134775
gain 41 42 -60.438108
gain 41 43 -80.634737
gain 41 44 -60.554083
gain 41 46 -64.055713
gain 41 47 -57.886757
gain 41 48 -59.728649
gain 41 50 -83.046248
gain 42 4 -63.484316
gain 42 5 -62.243477
gain 42 6 -58.522844
gain 42 7 -82.330363
gain 42 10 -62.608866
gain 42 12 -62.848898
gain 42 13 -47.015405
gain 42 14 -82.823708
gain 42 15 -92.642621
gain 42 17 -87.500515
gain 42 22 -61.098013
gain 42 25 -69.178838
gain 42 28 -63.660262
gain 42 29 -63.163108
gain 42 30 -50.055405
gain 42 31 -53.568919
gain 42 32 -65.295971
gain 42 33 -77.531884
gain 42 35 -44.804974
gain 42 36 -57.296718
gain 42 37 -82.544513
gain 42 41 -58.027845
gain 42 43 -90.46699
gain 42 44 -57.284324
gain 42 46 -79.977815
gain 42 47 -79.515015
gain 42 48 -84.910446
gain 42 50 -59.106843
gain 43 4 -88.284011
gain 43 5 -92.15
gain 43 6 -88.636541
gain 43 7 -57.893649
gain 43 10 -91.571429
gain 43 12 -83.060829
gain 43 13 -89.651085
gain 43 14 -56.993649
gain 43 15 -63.342973
gain 43 17 -60.922463
gain 43 22 -91.371207
gain 43 25 -82.852933
gain 43 28 -81.553043
gain 43 29 -94.340138
gain 43 30 -90.127049
gain 43 31 -92.339086
gain 43 33 -74.114394
gain 43 35 -85.082415
gain 43 36 -90.762655
gain 43 37 -63.449459
gain 43 41 -81.636752
gain 43 42 -92.288967
gain 43 44 -83.430172
gain 43 46 -74.733288
gain 43 47 -69.66473
gain 43 48 -68.530405
gain 43 50 -90.716662
gain 44 4 -71.525218
gain 44 5 -63.585102
gain 44 6 -56.582162
gain 44 7 -87.319339
gain 44 10 -56.938784
gain 44 12 -49.60373
gain 44 13 -60.251725
gain 44 14 -81.925142
gain 44 15 -93.085106
gain 44 17 -89.966739
gain 44 22 -69.331571
gain 44 25 -55.714459
gain 44 28 -60.798349
gain 44 29 -72.259916
gain 44 30 -62.173878
gain 44 31 -55.948371
gain 44 32 -67.262674
gain 44 33 -65.042297
gain 44 35 -60.376372
gain 44 36 -56.280811
gain 44 37 -72.884246
gain 44 41 -58.764873
gain 44 42 -56.526351
gain 44 43 -81.493566
gain 44 46 -81.508884
gain 44 47 -78.752943
gain 44 48 -77.272149
gain 44 50 -55.881065
gain 46 4 -74.55429
gain 46 5 -83.728139
gain 46 6 -74.312585
gain 46 7 -71.745942
gain 46 10 -77.719086
gain 46 12 -84.169117
gain 46 13 -79.834596
gain 46 14 -69.505427
gain 46 15 -89.39165
gain 46 17 -79.290373
gain 46 22 -64.860352
gain 46 25 -79.914449
gain 46 28 -58.136794
gain 46 29 -89.698543
gain 46 30 -76.544956
gain 46 31 -71.665133
gain 46 32 -82.442001
gain 46 33 -39.083514
gain 46 35 -77.426959
gain 46 36 -80.578788
gain 46 37 -57.010405
gain 46 41 -63.559995
gain 46 42 -81.144494
gain 46 43 -73.112552
gain 46 44 -82.806216
gain 46 47 -57.209865
gain 46 48 -60.273919
gain 46 50 -79.943862
gain 47 4 -74.489624
gain 47 5 -86.432714
gain 47 6 -82.181464
gain 47 7 -63.093664
gain 47 10 -82.837678
gain 47 12 -79.738853
gain 47 13 -78.384017
gain 47 14 -60.264008
gain 47 15 -81.314213
gain 47 17 -76.965384
gain 47 22 -68.9504
gain 47 25 -78.271975
gain 47 28 -69.545658
gain 47 29 -91.933227
gain 47 30 -68.371187
gain 47 31 -74.953574
gain 47 32 -85.19469
gain 47 33 -55.976342
gain 47 35 -72.715536
gain 47 36 -85.940163
gain 47 37 -58.097588
gain 47 41 -57.804108
gain 47 42 -80.021488
gain 47 43 -67.369948
gain 47 44 -78.95788
gain 47 46 -56.453048
gain 47 48 -50.377533
gain 47 50 -84.786192
gain 48 4 -65.872969
gain 48 5 -88.414501
gain 48 6 -76.917561
gain 48 7 -64.26473
gain 48 10 -77.735131
gain 48 12 -76.324545
gain 48 13 -82.916522
gain 48 14 -66.086351
gain 48 15 -79.200568
gain 48 17 -67.718167
gain 48 22 -78.632956
gain 48 25 -77.922293
gain 48 28 -58.537983
gain 48 29 -90.42023
gain 48 30 -72.132047
gain 48 31 -74.109738
gain 48 32 -84.709474
gain 48 33 -64.781395
gain 48 35 -70.010725
gain 48 36 -76.880778
gain 48 37 -41.021892
gain 48 41 -58.594134
gain 48 42 -85.262787
gain 48 43 -66.040135
gain 48 44 -77.305419
gain 48 46 -58.628919
gain 48 47 -49.889054
gain 48 50 -82.025105
gain 5 4 -76.2123
gain 5 6 -66.071361
gain 5 7 -88.503525
gain 5 10 -62.792568
gain 5 12 -69.342795
gain 5 13 -52.080676
gain 5 14 -88.382821
gain 5 17 -84.660962
gain 5 22 -70.567081
gain 5 25 -64.036762
gain 5 28 -73.524494
gain 5 29 -57.457973
gain 5 30 -63.683826
gain 5 31 -73.545603
gain 5 32 -46.815
gain 5 33 -79.177378
gain 5 35 -57.850885
gain 5 36 -47.536351
gain 5 37 -83.164597
gain 5 41 -75.705321
gain 5 42 -62.880227
gain 5 43 -90.491525
gain 5 44 -63.89379
gain 5 46 -82.970392
gain 5 47 -87.345371
gain 5 48 -88.462693
gain 5 50 -57.1
gain 50 4 -72.042263
gain 50 5 -57.433149
gain 50 6 -54.448378
gain 50 7 -89.720304
gain 50 10 -54.558649
gain 50 12 -53.418108
gain 50 13 -63.102804
gain 50 14 -90.118644
gain 50 17 -90.38361
gain 50 22 -71.326111
gain 50 25 -49.276081
gain 50 28 -71.815229
gain 50 29 -51.265811
gain 50 30 -67.454977
gain 50 31 -77.330409
gain 50 32 -56.372703
gain 50 33 -79.763527
gain 50 35 -70.135176
gain 50 36 -60.347532
gain 50 37 -87.978841
gain 50 41 -82.020268
gain 50 42 -60.478902
gain 50 43 -89.23321
gain 50 44 -56.351081
gain 50 46 -79.393508
gain 50 47 -85.107957
gain 50 48 -82.568015
gain 6 4 -66.24377
gain 6 5 -67.9722
gain 6 7 -89.230534
gain 6 10 -53.697162
gain 6 12 -58.412568
gain 6 13 -65.792204
gain 6 14 -89.272483
gain 6 17 -89.307054
gain 6 22 -74.071351
gain 6 25 -56.501622
gain 6 28 -69.288004
gain 6 29 -52.84527
gain 6 30 -66.588195
gain 6 31 -61.324865
gain 6 32 -57.321757
gain 6 33 -79.136023
gain 6 35 -64.459331
gain 6 36 -68.83026
gain 6 37 -85.571187
gain 6 41 -72.895252
gain 6 42 -60.781051
gain 6 43 -88.70714
gain 6 44 -58.083266
gain 6 46 -76.061856
gain 6 47 -85.026631
gain 6 48 -79.210562
gain 6 50 -55.636486
gain 7 4 -84.440852
gain 7 5 -89.71762
gain 7 6 -88.174777
gain 7 10 -88.889078
gain 7 12 -81.332288
gain 7 13 -85.649492
gain 7 14 -49.578649
gain 7 15 -73.114838
gain 7 17 -64.437551
gain 7 22 -83.955158
gain 7 25 -89.518178
gain 7 28 -74.952999
gain 7 29 -93.795494
gain 7 30 -81.917195
gain 7 31 -80.704672
gain 7 32 -90.057143
gain 7 33 -64.847432
gain 7 35 -85.722378
gain 7 36 -84.793929
gain 7 37 -51.979054
gain 7 41 -69.968839
gain 7 42 -83.387088
gain 7 43 -57.033514
gain 7 44 -89.053861
gain 7 46 -71.537983
gain 7 47 -63.641757
gain 7 48 -64.52973
gain 7 50 -90.508524
